open_time,open,high,low,close,volume,close_time,quote_asset_volume,number_of_trades,taker_buy_base_asset_volume,taker_buy_quote_asset_volume,ignore,name
1609459200000,6.456,6.731,5.992999999999999,6.127999999999999,52408.921,1609545599999,333058.959484,3222,25526.587000000003,162230.599691,0,SUNUSDT
1609545600000,6.102,6.5,5.975,6.268,57713.209,1609631999999,358447.522882,3230,28637.014,178684.40406099998,0,SUNUSDT
1609632000000,6.29,6.8870000000000005,6.122000000000001,6.763,75230.01299999999,1609718399999,483318.88743100007,4123,40544.034,260985.876233,0,SUNUSDT
1609718400000,6.799,7.25,5.9,6.666,82532.297,1609804799999,556713.970497,4852,43696.359,295547.871183,0,SUNUSDT
1609804800000,6.664,6.867000000000001,6.0,6.234,102022.296,1609891199999,641573.69225,5525,50095.349,314639.303149,0,SUNUSDT
1609891200000,6.265,7.0,6.06,6.546,98887.993,1609977599999,626087.238622,4574,55147.957,350757.370197,0,SUNUSDT
1609977600000,6.566,7.671,6.466,6.876,171673.134,1610063999999,1218893.020323,8349,78924.9,561196.723296,0,SUNUSDT
1610064000000,6.92,7.298999999999999,6.37,7.13,69069.97099999999,1610150399999,478555.915132,3557,32046.405,222252.265371,0,SUNUSDT
1610150400000,7.105,7.7,7.011,7.576,106259.253,1610236799999,782510.928218,5699,50942.33,374330.759847,0,SUNUSDT
1610236800000,7.596,8.189,7.25,7.725,93381.254,1610323199999,724494.490718,5540,49338.143,382678.674185,0,SUNUSDT
1610323200000,7.657,7.689,5.627000000000001,6.435,100652.855,1610409599999,647256.554736,4320,53362.551,341237.303562,0,SUNUSDT
1610409600000,6.41,6.813,6.233,6.42,53538.359,1610495999999,346791.965529,2471,30884.014,200384.613287,0,SUNUSDT
1610496000000,6.42,7.182,6.223,6.857,104313.312,1610582399999,699418.686948,4255,44970.365,299839.772834,0,SUNUSDT
1610582400000,6.892,7.75,6.501,6.672999999999999,65747.856,1610668799999,446404.830512,3048,32965.089,224112.547711,0,SUNUSDT
1610668800000,6.671,7.5,6.401,7.13,109723.109,1610755199999,763479.873504,4942,57932.871,403922.330684,0,SUNUSDT
1610755200000,7.174,8.229,7.0,7.879,92122.505,1610841599999,692316.935553,5447,48869.551,368231.90114,0,SUNUSDT
1610841600000,7.866,8.5,7.331,8.212,155735.917,1610927999999,1243584.236035,7326,60648.721,482255.952488,0,SUNUSDT
1610928000000,8.212,9.484,7.809,8.857999999999999,202003.463,1611014399999,1760660.336596,10867,104397.372,906293.676274,0,SUNUSDT
1611014400000,8.889,8.894,8.061,8.141,87687.049,1611100799999,753641.714663,4980,43287.386,373154.366289,0,SUNUSDT
1611100800000,8.13,8.214,7.399,8.117,69288.753,1611187199999,540134.528967,4061,36523.813,283974.328952,0,SUNUSDT
1611187200000,8.15,8.243,7.335,7.622999999999999,51500.788,1611273599999,402668.455341,2775,22960.604,180507.094826,0,SUNUSDT
1611273600000,7.565,8.275,7.1,7.702999999999999,39991.715,1611359999999,305718.266677,2745,20725.51,159249.606279,0,SUNUSDT
1611360000000,7.642,7.935,7.403,7.847,43828.452000000005,1611446399999,335267.352807,2216,28488.825,218277.928987,0,SUNUSDT
1611446400000,7.846,8.89,7.706,8.612,153778.696,1611532799999,1271592.397348,8088,81844.55900000001,675663.081915,0,SUNUSDT
1611532800000,8.611,11.7,8.496,9.475,839337.887,1611619199999,8735106.698944,48957,423288.531,4402331.76592,0,SUNUSDT
1611619200000,9.439,11.1,8.9,9.686,204127.252,1611705599999,1989272.716437,12556,100733.12,984630.582994,0,SUNUSDT
1611705600000,9.675,9.723,8.337,8.642000000000001,84099.211,1611791999999,743985.404553,6364,43887.004,387676.106059,0,SUNUSDT
1611792000000,8.697000000000001,10.0,8.475,9.624,91567.943,1611878399999,861567.267621,7515,44469.27,417371.707436,0,SUNUSDT
1611878400000,9.637,11.0,8.774,9.779,215157.77,1611964799999,2072903.609071,12716,114580.364,1102689.448493,0,SUNUSDT
1611964800000,9.778,15.0,9.185,9.849,705543.457,1612051199999,7453718.155632,35878,354834.33700000006,3796551.391909,0,SUNUSDT
1612051200000,9.824,10.99,9.447,9.845,331246.821,1612137599999,3322600.022353,22751,151350.659,1530139.451164,0,SUNUSDT
1612137600000,9.799,10.579,9.1,9.88,202418.126,1612223999999,2007523.198113,11337,87171.156,869654.816478,0,SUNUSDT
1612224000000,9.88,10.8,9.4,9.854,180840.77,1612310399999,1790412.312311,9779,87340.815,871659.3836559999,0,SUNUSDT
1612310400000,9.855,10.7,9.46,10.295,376423.736,1612396799999,3758937.650219,18878,187707.823,1894980.488967,0,SUNUSDT
1612396800000,10.329,12.445,10.295,11.215,1238948.149,1612483199999,13784482.170115,47840,629315.73,7049684.776717,0,SUNUSDT
1612483200000,11.215,12.597,10.8,12.050999999999998,1332685.858,1612569599999,15615312.613645,33257,665066.825,7872914.702497999,0,SUNUSDT
1612569600000,12.034,13.3,11.2,12.813,960828.171,1612655999999,11967520.653993,26265,542076.693,6822118.461409,0,SUNUSDT
1612656000000,12.754,13.98,11.755,12.081,1316662.489,1612742399999,16778711.324968,32641,862271.2309999999,11080431.868648,0,SUNUSDT
1612742400000,12.079,16.789,12.029000000000002,15.018,2412973.047,1612828799999,32029712.026512,56622,1406909.993,18798021.536974,0,SUNUSDT
1612828800000,15.018,17.619,14.334,16.449,1371875.8169999998,1612915199999,21863613.507462,40308,706344.767,11406025.318018,0,SUNUSDT
1612915200000,16.448,16.954,15.444,16.281,176101.71899999998,1613001599999,2872378.499043,14554,80924.335,1322004.577457,0,SUNUSDT
1613001600000,16.3,16.899,15.687,16.737000000000002,114609.788,1613087999999,1856368.922658,11361,54520.593,885687.863884,0,SUNUSDT
1613088000000,16.739,17.6,16.3,16.87,125362.449,1613174399999,2144898.4231060003,11975,65540.518,1121808.075351,0,SUNUSDT
1613174400000,16.967,17.657,16.631,17.237000000000002,124553.109,1613260799999,2139288.056737,14735,55963.087,961390.035199,0,SUNUSDT
1613260800000,17.338,20.672,16.552,17.12,268549.591,1613347199999,4941617.528423,24372,147303.76,2713923.340182,0,SUNUSDT
1613347200000,17.125,17.401,13.164,15.617,154890.081,1613433599999,2388072.591999,13775,88003.884,1356348.990612,0,SUNUSDT
1613433600000,15.613,17.55,15.025,15.835,161814.566,1613519999999,2639729.750736,13493,87483.96,1423287.720815,0,SUNUSDT
1613520000000,15.755999999999998,16.366,14.043,15.73,321879.064,1613606399999,5008116.018619999,13192,165763.726,2611564.635633,0,SUNUSDT
1613606400000,15.768,16.98,15.553,16.343,653123.331,1613692799999,10706100.518118,20381,360177.039,5945114.113685,0,SUNUSDT
1613692800000,16.378,18.2,15.664,17.225,823718.807,1613779199999,14054739.863944,31370,430579.834,7438971.177583001,0,SUNUSDT
1613779200000,17.252,18.0,15.54,16.139,986151.715,1613865599999,16661845.534394,32487,639316.035,10851140.694091,0,SUNUSDT
1613865600000,16.079,19.526,15.73,18.179,1053983.737,1613951999999,18772657.343635,30770,718219.3420000001,12829465.330422,0,SUNUSDT
1613952000000,18.179,19.2,16.0,17.296,1145619.057,1614038399999,20110556.8872,35060,774280.065,13584290.379078,0,SUNUSDT
1614038400000,17.28,17.773,11.246,13.461,2443222.165,1614124799999,37341530.252478,52953,1857264.38,28563081.24384,0,SUNUSDT
1614124800000,13.462,15.162,12.884,13.617,2736741.592,1614211199999,39252706.830462,39725,1946585.615,27990376.425532,0,SUNUSDT
1614211200000,13.632,16.058,12.99,13.251,3177552.711,1614297599999,47252866.966406,45728,2551765.647,38017979.900898,0,SUNUSDT
1614297600000,13.252,14.52,12.608,13.464,3703597.456,1614383999999,50269811.317793,37911,3175306.225,43101893.514006,0,SUNUSDT
1614384000000,13.465,14.4,13.275,13.666,1733032.084,1614470399999,23861065.106468,26604,1422907.499,19617618.704397,0,SUNUSDT
1614470400000,13.581,14.25,12.175,12.734000000000002,2426930.47,1614556799999,32154844.64679,30519,1510050.736,20231416.682241,0,SUNUSDT
1614556800000,12.749,14.4,12.292,13.915,2679986.974,1614643199999,36244952.768722,35616,1269407.407,17385709.524343,0,SUNUSDT
1614643200000,13.961,14.98,13.583,13.632,3138994.847,1614729599999,44949916.281244,46799,1480221.8269999998,21425196.859163,0,SUNUSDT
1614729600000,13.632,14.85,13.594,14.102,2940745.0710000005,1614815999999,42048054.29684501,45824,1657246.388,23829875.460456,0,SUNUSDT
1614816000000,14.081,14.5,13.126,13.491,4353748.161,1614902399999,61290741.125111,50439,2856511.395,40420923.073838,0,SUNUSDT
1614902400000,13.478,16.528,12.7,15.428,3531580.944,1614988799999,49127175.7489,58595,1981823.694,27744035.211922,0,SUNUSDT
1614988800000,15.448,16.532,15.118,15.758,2638578.991,1615075199999,42075317.681623,42556,1337301.887,21524745.384008,0,SUNUSDT
1615075200000,15.723,17.000999999999998,15.561,16.238,3660193.629,1615161599999,59185016.66561899,46963,2026318.089,32977517.330973,0,SUNUSDT
1615161600000,16.212,18.5,15.787,16.352999999999998,5618428.669,1615247999999,96586687.045111,78589,3194855.294,55212118.267873,0,SUNUSDT
1615248000000,16.352999999999998,17.92,16.17,17.49,4450179.329,1615334399999,76755122.530513,53581,2485973.544,43108243.132954,0,SUNUSDT
1615334400000,17.47,18.407,16.891,16.97,3173019.222,1615420799999,57006463.891849,50196,1775880.459,32036546.991909,0,SUNUSDT
1615420800000,16.944000000000003,18.042,16.83,17.000999999999998,3325841.4910000004,1615507199999,57851204.245004006,48733,2113615.431,36830427.071279,0,SUNUSDT
1615507200000,17.009,18.398,16.176,16.892,3431737.191,1615593599999,60278233.44732901,51740,2260542.628,39734401.869187,0,SUNUSDT
1615593600000,16.892,18.6,16.515,17.949,2669874.095,1615679999999,46611838.98069,47575,1192053.567,20889015.259917,0,SUNUSDT
1615680000000,17.949,18.855,16.944000000000003,18.091,2302198.59,1615766399999,41206008.231176,41514,1411207.324,25272277.165492,0,SUNUSDT
1615766400000,18.091,20.0,17.503,18.476,5724999.944,1615852799999,106521131.365294,69401,3363727.598,62907023.01109,0,SUNUSDT
1615852800000,18.512,20.892,17.949,19.065,4685653.579,1615939199999,91179838.466755,67855,2658576.452,51607161.741763,0,SUNUSDT
1615939200000,19.069000000000003,22.51,19.051,22.253,6681595.744,1616025599999,134984209.387896,81211,4254963.347,86159167.365822,0,SUNUSDT
1616025600000,22.253,24.036,21.292,22.616,7247435.811000001,1616111999999,165104687.943601,89670,5123550.359,116807818.556351,0,SUNUSDT
1616112000000,22.625,25.444000000000003,22.139,23.182,6278296.0370000005,1616198399999,150184804.886835,91703,4395479.929,105115136.566029,0,SUNUSDT
1616198400000,23.188,27.371,23.188,25.198,3774796.285,1616284799999,97124251.721511,80314,2787214.262,71713628.373598,0,SUNUSDT
1616284800000,25.159,32.776,25.052,30.267,6139662.32,1616371199999,164324402.821457,109622,4160597.944,111030115.84011,0,SUNUSDT
1616371200000,30.255,35.0,29.22,30.005,4623526.254,1616457599999,151680594.95855302,116032,2757388.458,90309444.563465,0,SUNUSDT
1616457600000,30.004,32.331,27.166,28.409,5561390.366,1616543999999,170865780.419845,93371,3707268.413,113737301.342696,0,SUNUSDT
1616544000000,28.404,29.917,23.903,24.356,3018874.312,1616630399999,86372387.216089,60389,1987200.931,57054140.128496,0,SUNUSDT
1616630400000,24.285,24.696,22.347,23.587,300768.822,1616716799999,7083126.095110001,26816,178025.828,4197549.561085,0,SUNUSDT
1616716800000,23.647,28.177,23.557,28.177,184590.234,1616803199999,4783788.163218,20721,96281.874,2498430.661691,0,SUNUSDT
1616803200000,28.175,29.619,27.035,27.588,226319.867,1616889599999,6423689.898248999,25098,108943.907,3097894.889518,0,SUNUSDT
1616889600000,27.588,28.767,26.182,26.703000000000003,171901.169,1616975999999,4687877.570853,15710,103022.601,2807250.957495,0,SUNUSDT
1616976000000,26.756,29.73,25.789,29.176,685646.319,1617062399999,19044736.174628,37480,314838.331,8593609.245882,0,SUNUSDT
1617062400000,29.176,31.0,26.446,29.869,968433.362,1617148799999,27823160.507347,53049,451484.41,12667231.250398,0,SUNUSDT
1617148800000,29.86,39.5,27.654,36.78,1685547.43,1617235199999,54237085.817331,107065,851556.757,26962250.541457,0,SUNUSDT
1617235200000,36.752,43.65,32.555,37.9,1672332.1830000002,1617321599999,63027849.554738,119850,770751.502,28412036.351399,0,SUNUSDT
1617321600000,37.887,42.773,35.499,39.184,1629290.406,1617407999999,62518969.35690401,82743,892121.405,33507881.068466,0,SUNUSDT
1617408000000,39.085,43.699,37.278,39.198,971784.894,1617494399999,39312895.887968,88008,488454.292,19596856.74935,0,SUNUSDT
1617494400000,39.072,51.0,37.594,50.191,490764.505,1617580799999,21375258.80519,71273,247216.748,10801444.513281,0,SUNUSDT
1617580800000,50.00899999999999,54.56,45.034,46.48,1916399.585,1617667199999,92978623.766969,131913,1036164.233,49629831.549923,0,SUNUSDT
1617667200000,46.434,50.918,40.787,42.858,1733176.694,1617753599999,78608381.33690201,121203,852988.1109999999,38268900.863456,0,SUNUSDT
1617753600000,42.929,44.672,39.644,40.59,1535367.647,1617839999999,63625575.179868005,82194,705981.7220000001,29001556.379319,0,SUNUSDT
1617840000000,40.563,41.947,37.261,38.379,1686902.877,1617926399999,64996253.406661,82366,972178.456,37343336.807127,0,SUNUSDT
1617926400000,38.365,43.864,38.124,39.849,1894707.886,1618012799999,78606563.942996,90443,797049.365,32678945.863048,0,SUNUSDT
1618012800000,39.86,43.7,38.889,42.748000000000005,1691397.576,1618099199999,69798559.105986,72135,825409.36,33669541.222859,0,SUNUSDT
1618099200000,42.818000000000005,43.364,38.93,40.539,2420642.262,1618185599999,99210148.456692,78333,1299748.273,52791071.787271,0,SUNUSDT
1618185600000,40.537,42.807,39.558,40.487,1872362.956,1618271999999,76988980.41036099,83585,882987.287,36120940.573442,0,SUNUSDT
1618272000000,40.551,42.7,39.7,40.906,1815448.997,1618358399999,74715946.28345601,80752,833754.349,34098044.159407,0,SUNUSDT
1618358400000,40.876,42.3,39.678,40.969,2985095.26,1618444799999,122221775.478801,93084,1354743.32,55096385.45841,0,SUNUSDT
1618444800000,41.0,41.32,40.082,40.741,1469630.204,1618531199999,59492431.531613,64734,925101.958,37453143.297987,0,SUNUSDT
1618531200000,40.787,45.3,38.343,43.46,1143879.687,1618617599999,47337937.488749,71237,461694.376,18995025.829881,0,SUNUSDT
1618617600000,43.527,50.283,43.443000000000005,47.669,429093.352,1618703999999,20298150.563934,48314,241347.101,11421462.989657002,0,SUNUSDT
1618704000000,47.782,47.953,40.4,43.49,374509.73,1618790399999,15790118.013153,30469,143270.737,6073804.797902999,0,SUNUSDT
1618790400000,43.469,45.337,37.717,38.86,1379836.467,1618876799999,56082157.573242,61947,618128.311,24934173.266796,0,SUNUSDT
1618876800000,38.884,42.295,35.778,40.879,1585450.664,1618963199999,62734039.228493005,60014,646087.416,25264894.484233,0,SUNUSDT
1618963200000,41.02,42.443000000000005,38.18,38.235,2715363.913,1619049599999,109278275.226782,87729,1266451.123,50683086.50685,0,SUNUSDT
1619049600000,38.314,40.283,33.0,33.33,1655010.244,1619135999999,63061272.306585,67844,768569.738,29184765.273968,0,SUNUSDT
1619136000000,33.328,33.883,25.5,31.242,465827.572,1619222399999,13592470.953022,28700,208785.718,6086727.748439,0,SUNUSDT
1619222400000,31.255,32.351,28.679,29.093000000000004,187652.094,1619308799999,5715580.322663,14304,99306.568,3024460.705868,0,SUNUSDT
1619308800000,29.094,30.72,25.276,27.028,213788.819,1619395199999,6069510.132514,18368,108211.107,3068802.3741880003,0,SUNUSDT
1619395200000,27.08,31.9,26.639,31.89,266672.555,1619481599999,7975689.408906,23455,146032.663,4360884.657485,0,SUNUSDT
1619481600000,31.831,35.9,31.496,33.293,140838.435,1619567999999,4633720.433038,17959,72934.745,2402224.377123,0,SUNUSDT
1619568000000,33.334,34.899,30.412,33.909,206716.715,1619654399999,6772806.027394,19077,92605.869,3035576.807248,0,SUNUSDT
1619654400000,33.945,34.839,31.697,32.99,359260.694,1619740799999,12139573.304079,20795,235283.131,7962711.28775,0,SUNUSDT
1619740800000,32.989000000000004,35.48,32.5,35.109,237615.238,1619827199999,8136999.243960001,18945,144107.47400000002,4939968.320206,0,SUNUSDT
1619827200000,35.107,35.668,33.929,34.75,128435.642,1619913599999,4467861.862094,13128,72116.032,2508743.647361,0,SUNUSDT
1619913600000,34.766,34.784,33.019,33.581,60811.622,1619999999999,2058179.989189,7778,31907.555,1081262.357183,0,SUNUSDT
1620000000000,33.564,37.164,32.277,34.605,2868675.273,1620086399999,99857556.184272,94541,1538202.247,53399736.038027,0,SUNUSDT
1620086400000,34.604,36.912,30.838,30.838,2699267.652,1620172799999,93407250.249054,91648,1318747.422,45524988.337579,0,SUNUSDT
1620172800000,30.871,35.5,30.592,35.353,459677.529,1620259199999,15440257.682241,36584,216041.973,7258850.263181,0,SUNUSDT
1620259200000,35.323,39.2,34.001,37.179,295897.13300000003,1620345599999,10774179.261766,34293,145531.925,5316591.781633,0,SUNUSDT
1620345600000,37.182,40.169,34.882,36.055,226587.847,1620431999999,8599516.394327,29117,114586.062,4349945.924652,0,SUNUSDT
1620432000000,36.055,36.73,34.822,35.071,100366.432,1620518399999,3600618.298297,11382,49201.867,1767338.072402,0,SUNUSDT
1620518400000,35.105,35.91,33.336,34.241,131605.81699999998,1620604799999,4514459.090822,11338,74009.724,2538787.181402,0,SUNUSDT
1620604800000,34.242,35.416,30.111,31.267,107561.024,1620691199999,3538359.602217,12732,54102.167,1786471.40873,0,SUNUSDT
1620691200000,31.158,33.842,29.769,32.891,197473.591,1620777599999,6262415.519457,15704,100788.405,3193740.580587,0,SUNUSDT
1620777600000,32.913000000000004,33.579,29.135,29.673,126651.667,1620863999999,4031816.372152,12450,60793.524000000005,1938865.535941,0,SUNUSDT
1620864000000,29.672,30.603,28.12,29.535,158591.962,1620950399999,4651155.848347,12593,82151.477,2413037.6092080004,0,SUNUSDT
1620950400000,29.631,33.261,28.2,31.278,1666250.543,1621036799999,51130971.337523,55365,888979.2159999999,27091382.534776,0,SUNUSDT
1621036800000,31.278,31.903,29.581,29.706,157647.87900000002,1621123199999,4802460.097666,13001,97363.322,2959315.230581,0,SUNUSDT
1621123200000,29.904,31.172,27.789,28.807,106485.958,1621209599999,3162366.140713,9823,59160.459,1760054.263559,0,SUNUSDT
1621209600000,28.803,29.765,25.141,25.794,859748.28,1621295999999,23570974.559121,33740,464435.549,12973278.186669,0,SUNUSDT
1621296000000,25.821,32.82,25.575,27.836,1508090.418,1621382399999,43823781.658559,53528,943470.634,27809238.851668,0,SUNUSDT
1621382400000,27.825,28.133000000000003,15.0,17.563,549599.674,1621468799999,12011938.168786,31973,271587.336,5929444.978751,0,SUNUSDT
1621468800000,17.576,21.372,16.235,20.423,273194.523,1621555199999,5104114.323886,14037,140099.05,2609417.728156,0,SUNUSDT
1621555200000,20.454,21.571,15.51,17.105999999999998,237370.663,1621641599999,4413468.586680001,14530,118920.512,2209370.203559,0,SUNUSDT
1621641600000,17.105999999999998,17.482,14.612,16.980999999999998,183372.424,1621727999999,2951603.438842,11208,86773.87,1393781.535542,0,SUNUSDT
1621728000000,16.954,18.605,14.249,16.746,850827.572,1621814399999,13916894.495051,24325,530416.272,8695984.307661999,0,SUNUSDT
1621814400000,16.746,20.51,15.601,20.366,358931.58700000006,1621900799999,6174615.568519999,21181,190969.832,3252811.022365,0,SUNUSDT
1621900800000,20.357,26.96,19.666,26.402,353821.003,1621987199999,8271310.504346001,30471,166141.303,3907011.202896,0,SUNUSDT
1621987200000,26.418000000000003,32.474000000000004,26.013,28.112,573393.696,1622073599999,16636150.393632,50302,306371.13800000004,8864331.812583,0,SUNUSDT
1622073600000,28.12,32.0,24.485,28.482,416080.152,1622159999999,11781203.114357,37475,200067.471,5648296.290196,0,SUNUSDT
1622160000000,28.454,30.986,25.483,26.721,284682.218,1622246399999,7948480.881561,25855,147797.51,4141244.444444,0,SUNUSDT
1622246400000,26.793000000000003,27.983,23.65,24.53,188707.005,1622332799999,4893479.43021,17125,93721.628,2432367.147647,0,SUNUSDT
1622332800000,24.528,26.011,23.187,24.678,147705.372,1622419199999,3632066.2668,13213,77551.525,1907113.0243740005,0,SUNUSDT
1622419200000,24.668000000000003,29.87,23.538,27.894,435695.963,1622505599999,11757808.981668,33157,216306.715,5809605.568015,0,SUNUSDT
1622505600000,27.745,32.378,26.864,27.54,267242.836,1622591999999,7774412.043706,26079,158656.27599999998,4633789.260404,0,SUNUSDT
1622592000000,27.542,30.023000000000003,26.999,28.782,185060.65,1622678399999,5295455.5299970005,18967,96042.765,2746172.752002,0,SUNUSDT
1622678400000,28.764,44.752,28.583,40.999,2275379.101,1622764799999,87810740.477129,199648,1050579.2759999998,40615880.33701901,0,SUNUSDT
1622764800000,40.998000000000005,42.376000000000005,35.339,36.901,721160.026,1622851199999,27915434.642298,95638,360786.933,13960610.820170002,0,SUNUSDT
1622851200000,37.035,39.723,34.003,34.28,219351.47,1622937599999,8033398.141405,28658,109840.504,4015062.172296,0,SUNUSDT
1622937600000,34.277,34.535,29.928,30.581,424210.143,1623023999999,13366028.325425,39820,229293.278,7215761.160492999,0,SUNUSDT
1623024000000,30.58,31.594,25.22,25.303,601516.165,1623110399999,17164723.979106,53216,312447.352,8939556.928296,0,SUNUSDT
1623110400000,25.303,29.165,23.601,26.661,761919.548,1623196799999,20515142.865563,60350,402938.274,10874782.25983,0,SUNUSDT
1623196800000,26.661,30.074,25.474,28.345,464299.574,1623283199999,12969309.787392,48779,244734.268,6840419.364577,0,SUNUSDT
1623283200000,28.384,28.442,25.261,26.318,166964.654,1623369599999,4518349.671021,18774,82496.55,2231869.327002,0,SUNUSDT
1623369600000,26.305,27.463,23.85,24.308000000000003,326617.42,1623455999999,8497859.653791001,33501,158869.86,4138091.772926,0,SUNUSDT
1623456000000,24.243,24.73,22.41,23.774,211512.484,1623542399999,4960950.379155001,21360,101046.713,2372339.076571,0,SUNUSDT
1623542400000,23.774,27.667,23.261,26.586,457654.72,1623628799999,11706053.893192,46105,245852.482,6302558.017987,0,SUNUSDT
1623628800000,26.657,28.406,26.161,27.572,95215.934,1623643199999,2608456.396991,9834,53673.797,1471822.085805,0,SUNUSDT
1623974400000,0.0275699999999999,0.0388,0.0275699999999999,0.03305,1346373828.0,1624060799999,41968577.35944,288996,712045864.0,22173642.22932,0,SUNUSDT
1624060800000,0.03304,0.03365,0.0284899999999999,0.0289999999999999,538060090.0,1624147199999,16573576.23571,137669,264396484.0,8148813.26545,0,SUNUSDT
1624147200000,0.0290199999999999,0.02915,0.026,0.02792,333148756.0,1624233599999,9193323.66193,72236,171301029.0,4730157.7194,0,SUNUSDT
1624233600000,0.02792,0.0279999999999999,0.02023,0.02036,354070523.0,1624319999999,8338002.10651,55021,186151476.0,4376456.29065,0,SUNUSDT
1624320000000,0.02036,0.0216,0.01622,0.01908,319005074.0,1624406399999,6143007.40577,40628,158685841.0,3065307.29896,0,SUNUSDT
1624406400000,0.01907,0.02258,0.01835,0.02249,234495250.0,1624492799999,4887978.05452,32306,130500614.0,2716867.94653,0,SUNUSDT
1624492800000,0.02246,0.02783,0.02235,0.0252699999999999,697173476.0,1624579199999,17925555.52538,103553,362815481.0,9333704.98375,0,SUNUSDT
1624579200000,0.0252699999999999,0.02588,0.0219,0.02223,231815761.0,1624665599999,5483405.19446,38729,127166889.0,3008973.1033400004,0,SUNUSDT
1624665600000,0.02223,0.02266,0.02075,0.0226199999999999,132640479.0,1624751999999,2901557.21522,18946,66135256.0,1444749.16644,0,SUNUSDT
1624752000000,0.02265,0.02365,0.02132,0.02264,105888009.0,1624838399999,2357824.4530700003,17781,49677247.0,1102951.28828,0,SUNUSDT
1624838400000,0.02264,0.023,0.02194,0.02252,111574041.0,1624924799999,2511869.66697,17181,58318964.0,1314195.25177,0,SUNUSDT
1624924800000,0.02252,0.0237,0.02249,0.0228,126405363.0,1625011199999,2919197.69612,22543,63485493.0,1466536.89386,0,SUNUSDT
1625011200000,0.02277,0.02302,0.0209,0.022,109723594.0,1625097599999,2384815.5533,17324,57839947.0,1256769.76053,0,SUNUSDT
1625097600000,0.02199,0.02201,0.0199699999999999,0.02058,322204137.0,1625183999999,6608995.678169999,23065,168477189.0,3462176.87591,0,SUNUSDT
1625184000000,0.02058,0.0216,0.01988,0.02094,196267477.0,1625270399999,4005545.75959,17132,101210737.0,2075370.33976,0,SUNUSDT
1625270400000,0.0209,0.02096,0.0203199999999999,0.02052,59809322.0,1625356799999,1235115.6595299998,9049,29924809.0,617935.22839,0,SUNUSDT
1625356800000,0.0205,0.02169,0.0199699999999999,0.02158,1043373688.0,1625443199999,21681611.01418,60970,503398703.0,10549632.12981,0,SUNUSDT
1625443200000,0.02159,0.0223699999999999,0.0204199999999999,0.02101,636775911.0,1625529599999,13555402.6577,52822,306909920.0,6558125.084480001,0,SUNUSDT
1625529600000,0.02101,0.02254,0.0205699999999999,0.02115,768019841.0,1625615999999,16396187.82534,46116,433086118.0,9294927.1464,0,SUNUSDT
1625616000000,0.0211599999999999,0.02215,0.0208,0.02129,639763749.0,1625702399999,13830827.78942,33772,297698689.0,6444621.01776,0,SUNUSDT
1625702400000,0.02129,0.0215099999999999,0.02003,0.02029,543713118.0,1625788799999,11344225.97275,24352,267862711.0,5608862.56809,0,SUNUSDT
1625788800000,0.02022,0.0206,0.01971,0.02044,70601102.0,1625875199999,1428816.58281,8799,37851904.0,766858.44855,0,SUNUSDT
1625875200000,0.02044,0.02054,0.0192,0.01936,97123581.0,1625961599999,1922842.45414,10080,44056537.0,874309.1330299999,0,SUNUSDT
1625961600000,0.01939,0.02083,0.019,0.01984,463494642.0,1626047999999,9253552.02591,25013,266317116.0,5336104.57539,0,SUNUSDT
1626048000000,0.01983,0.02113,0.01915,0.0195,908888958.0,1626134399999,18414068.454120003,40840,480034847.0,9768799.02286,0,SUNUSDT
1626134400000,0.0194599999999999,0.02145,0.01935,0.0205699999999999,727483750.0,1626220799999,14937598.13405,40147,362052689.0,7461395.38452,0,SUNUSDT
1626220800000,0.02062,0.02165,0.02,0.0206599999999999,913070235.0,1626307199999,19078364.956320003,52811,482183196.0,10089090.21417,0,SUNUSDT
1626307200000,0.02068,0.02163,0.0200699999999999,0.02101,685765067.0,1626393599999,14550756.97004,38564,282058094.0,5992870.81778,0,SUNUSDT
1626393600000,0.021,0.02201,0.02025,0.02043,772608143.0,1626479999999,16372853.95069,43754,349997970.0,7411348.5758,0,SUNUSDT
1626480000000,0.02044,0.0211,0.02023,0.02069,561952432.0,1626566399999,11619842.40099,27641,221983160.0,4593489.73006,0,SUNUSDT
1626566400000,0.02069,0.02095,0.02036,0.02046,350214709.0,1626652799999,7218961.37043,25010,159081612.0,3275250.42955,0,SUNUSDT
1626652800000,0.02046,0.02062,0.01978,0.01988,583160160.0,1626739199999,11780736.6834,27113,284297808.0,5743405.70993,0,SUNUSDT
1626739200000,0.0199,0.01999,0.0168,0.01726,143914121.0,1626825599999,2556576.12414,13857,79437536.0,1399905.63665,0,SUNUSDT
1626825600000,0.01726,0.01871,0.01689,0.01829,110561670.0,1626911999999,2011781.36161,11978,60382611.0,1098050.14116,0,SUNUSDT
1626912000000,0.01829,0.01858,0.0179,0.01852,46592716.0,1626998399999,853128.8764899999,7186,26032315.0,477194.74108,0,SUNUSDT
1626998400000,0.01852,0.01875,0.018,0.0187,81952988.0,1627084799999,1511025.4454299998,10201,44976644.0,829570.38202,0,SUNUSDT
1627084800000,0.01874,0.02171,0.0185,0.02093,1134091522.0,1627171199999,22715198.41111,61892,631159839.0,12731848.20573,0,SUNUSDT
1627171200000,0.02096,0.0256,0.02004,0.02376,1471454331.0,1627257599999,33470309.35228,108014,827178741.0,18868350.83145,0,SUNUSDT
1627257600000,0.02376,0.0261,0.02323,0.02395,1772876872.0,1627343999999,43814373.05098,111212,1102290568.0,27434005.85813,0,SUNUSDT
1627344000000,0.02395,0.02557,0.0228699999999999,0.02363,462246128.0,1627430399999,11237138.11504,52666,225910096.0,5492916.27275,0,SUNUSDT
1627430400000,0.02363,0.0255,0.02317,0.02482,1301921730.0,1627516799999,31696085.22173,75565,780436323.0,19092920.77672,0,SUNUSDT
1627516800000,0.02485,0.0269,0.02437,0.02512,1629437912.0,1627603199999,42043746.03249,87972,930137642.0,24216698.731620003,0,SUNUSDT
1627603200000,0.02512,0.02671,0.0249199999999999,0.02574,876139908.0,1627689599999,22722585.76152,55952,444664834.0,11578556.93513,0,SUNUSDT
1627689600000,0.02578,0.0268,0.0249099999999999,0.02519,1087725281.0,1627775999999,27997967.585990004,62595,498319987.0,12813631.12337,0,SUNUSDT
1627776000000,0.0252,0.02652,0.025,0.0252,1490984885.0,1627862399999,38324044.8543,69381,885005984.0,22852703.47216,0,SUNUSDT
1627862400000,0.0252,0.02623,0.02507,0.02519,1039855124.0,1627948799999,26704466.19623,44136,596803660.0,15401861.90668,0,SUNUSDT
1627948800000,0.02524,0.02632,0.02519,0.0256399999999999,1049267698.0,1628035199999,27093432.51107,42497,617315787.0,16010563.01658,0,SUNUSDT
1628035200000,0.02565,0.0267,0.0252,0.0257,1581258133.0,1628121599999,41134299.06903,55631,1003918721.0,26204232.07708,0,SUNUSDT
1628121600000,0.0257,0.02586,0.02438,0.02507,265577125.0,1628207999999,6675104.13356,25913,111790966.0,2811862.64392,0,SUNUSDT
1628208000000,0.02507,0.02509,0.02425,0.02453,179203667.0,1628294399999,4421895.23713,18446,106324405.0,2627092.60688,0,SUNUSDT
1628294400000,0.02456,0.02532,0.02434,0.0249199999999999,205325119.0,1628380799999,5107919.87209,24649,120839355.0,3006867.17688,0,SUNUSDT
1628380800000,0.02488,0.0252,0.02384,0.02403,109611017.0,1628467199999,2696061.4404,16509,57011867.0,1404409.52572,0,SUNUSDT
1628467200000,0.02402,0.02464,0.02341,0.02435,162765372.0,1628553599999,3937325.69695,17793,94626176.0,2291373.8829,0,SUNUSDT
1628553600000,0.02433,0.02486,0.02376,0.0244199999999999,116260669.0,1628639999999,2835294.6776900003,17996,61760995.0,1506891.09258,0,SUNUSDT
1628640000000,0.02447,0.02678,0.02438,0.0261,284045197.0,1628726399999,7361659.07923,55634,156897801.0,4066155.58216,0,SUNUSDT
1628726400000,0.0260199999999999,0.0282,0.02482,0.02541,297766590.0,1628812799999,7926757.742319999,54025,142530490.0,3790760.17308,0,SUNUSDT
1628812800000,0.02538,0.0274899999999999,0.02529,0.02741,145640255.0,1628899199999,3867464.55047,27776,73398806.0,1947938.7884400005,0,SUNUSDT
1628899200000,0.0273399999999999,0.03011,0.0269,0.02957,336852546.0,1628985599999,9560399.29817,72956,169048570.0,4806474.61876,0,SUNUSDT
1628985600000,0.0296,0.05343,0.02957,0.03839,5375720161.0,1629071999999,231503744.6973,910954,2691563673.0,116210542.26438,0,SUNUSDT
1629072000000,0.03839,0.04,0.0350899999999999,0.0352,972617369.0,1629158399999,36881023.26191,162530,459895078.0,17434439.13145,0,SUNUSDT
1629158400000,0.0352,0.03795,0.03397,0.03665,642161160.0,1629244799999,22897209.21471,96871,325741457.0,11618169.51021,0,SUNUSDT
1629244800000,0.03665,0.0394399999999999,0.03299,0.03492,881115195.0,1629331199999,31775183.34926,142361,436482002.0,15720568.1016,0,SUNUSDT
1629331200000,0.03491,0.03593,0.03183,0.0356,385195667.0,1629417599999,13368745.81852,55785,192263175.0,6673697.59679,0,SUNUSDT
1629417600000,0.0356,0.03644,0.0345,0.03548,342361473.0,1629503999999,12098782.15903,52383,170681146.0,6028156.113419999,0,SUNUSDT
1629504000000,0.03545,0.03553,0.0338199999999999,0.03415,225801099.0,1629590399999,7831801.77278,32939,117276643.0,4068753.09506,0,SUNUSDT
1629590400000,0.03415,0.0355,0.0334,0.03428,235403062.0,1629676799999,8135136.97515,37493,120167442.0,4152165.62591,0,SUNUSDT
1629676800000,0.03428,0.03475,0.0333399999999999,0.03372,218844998.0,1629763199999,7458257.772030001,31058,112775693.0,3845446.06617,0,SUNUSDT
1629763200000,0.03377,0.0338899999999999,0.03046,0.03067,214157863.0,1629849599999,6886121.252619999,31982,105720239.0,3406743.06638,0,SUNUSDT
1629849600000,0.03067,0.0321399999999999,0.02961,0.03182,182395814.0,1629935999999,5654542.67357,30513,91085052.0,2823827.40567,0,SUNUSDT
1629936000000,0.03182,0.0319,0.02903,0.0300399999999999,149558707.0,1630022399999,4498328.24806,22011,72722529.0,2189400.34774,0,SUNUSDT
1630022400000,0.03,0.03303,0.0293,0.03266,277033829.0,1630108799999,8669860.38051,42870,135444901.0,4232785.8883,0,SUNUSDT
1630108800000,0.03266,0.03286,0.03135,0.03202,145911743.0,1630195199999,4673390.049219999,21843,73666202.0,2357521.73394,0,SUNUSDT
1630195200000,0.03206,0.0330899999999999,0.0309699999999999,0.0316399999999999,134125417.0,1630281599999,4286950.16741,23500,69595230.0,2225019.37596,0,SUNUSDT
1630281600000,0.0316399999999999,0.03343,0.03065,0.03165,187371117.0,1630367999999,6021548.88717,33413,91471267.0,2939566.27667,0,SUNUSDT
1630368000000,0.03166,0.03268,0.03068,0.0312399999999999,140128288.0,1630454399999,4427091.56739,24723,74448908.0,2352352.08105,0,SUNUSDT
1630454400000,0.0312399999999999,0.0326,0.0307,0.03249,137874577.0,1630540799999,4340421.926,23474,73261275.0,2308943.04195,0,SUNUSDT
1630540800000,0.03249,0.03471,0.03205,0.03353,249702335.0,1630627199999,8358136.413089999,63226,128369596.0,4294302.42356,0,SUNUSDT
1630627200000,0.03355,0.03751,0.0325,0.034,469941315.0,1630713599999,16603030.663370002,111781,244795135.0,8636878.94252,0,SUNUSDT
1630713600000,0.034,0.03607,0.03322,0.03467,191304338.0,1630799999999,6651608.20095,44712,99464825.0,3459766.41148,0,SUNUSDT
1630800000000,0.0347,0.0441,0.0346,0.04031,1120587778.0,1630886399999,44783262.45085,318982,574818265.0,22958198.60013,0,SUNUSDT
1630886400000,0.0403,0.0413199999999999,0.03706,0.03893,310712680.0,1630972799999,12256541.31623,75117,167960839.0,6626952.61036,0,SUNUSDT
1630972800000,0.03891,0.03936,0.02769,0.0314,357331048.0,1631059199999,11967487.37372,69775,175397177.0,5847465.22615,0,SUNUSDT
1631059200000,0.03143,0.03283,0.02864,0.03203,213615759.0,1631145599999,6695452.16362,40194,117647957.0,3679865.799,0,SUNUSDT
1631145600000,0.03201,0.03575,0.0306,0.03565,253738959.0,1631231999999,8228610.89757,60755,131382545.0,4262683.672,0,SUNUSDT
1631232000000,0.03565,0.03637,0.03141,0.0321199999999999,294535323.0,1631318399999,9914321.65475,68199,153965713.0,5183900.00193,0,SUNUSDT
1631318400000,0.0321199999999999,0.0331399999999999,0.03155,0.0321899999999999,110873017.0,1631404799999,3582331.21737,21706,52559231.0,1698502.00106,0,SUNUSDT
1631404800000,0.0321899999999999,0.03827,0.03182,0.03576,447548179.0,1631491199999,16019500.0458,123315,225211300.0,8056670.38927,0,SUNUSDT
1631491200000,0.03569,0.037,0.0313899999999999,0.03313,199224876.0,1631577599999,6710185.26607,55763,103275481.0,3477067.7351300004,0,SUNUSDT
1631577600000,0.0330899999999999,0.03732,0.03301,0.03666,331746050.0,1631663999999,11766936.90547,92631,171660857.0,6091277.0891,0,SUNUSDT
1631664000000,0.03667,0.03775,0.0350899999999999,0.03731,179283875.0,1631750399999,6528025.3771,51272,91441738.0,3331988.4337,0,SUNUSDT
1631750400000,0.03731,0.03775,0.03491,0.03523,152139996.0,1631836799999,5542191.41755,40653,77847720.0,2837080.58764,0,SUNUSDT
1631836800000,0.03523,0.0431,0.03475,0.03863,1480594703.0,1631923199999,58854125.67747,411229,729386188.0,28992284.32922,0,SUNUSDT
1631923200000,0.0386899999999999,0.04106,0.03666,0.03743,476618669.0,1632009599999,18585621.09588,84059,245232064.0,9581618.39833,0,SUNUSDT
1632009600000,0.03741,0.0374899999999999,0.03517,0.03532,164471997.0,1632095999999,6013976.14927,33364,87106219.0,3188285.06292,0,SUNUSDT
1632096000000,0.03532,0.03539,0.02975,0.0304,221722233.0,1632182399999,7154011.05771,49098,101509834.0,3283790.58587,0,SUNUSDT
1632182400000,0.03055,0.03181,0.02817,0.02846,134374994.0,1632268799999,4061589.52766,30090,66794670.0,2020718.75499,0,SUNUSDT
1632268800000,0.02839,0.032,0.02801,0.03184,108651839.0,1632355199999,3281598.9649,24743,57538178.0,1739810.75657,0,SUNUSDT
1632355200000,0.03185,0.03243,0.03066,0.03146,573832131.0,1632441599999,18089719.43726,60073,293012989.0,9239608.64895,0,SUNUSDT
1632441600000,0.0314,0.03161,0.02669,0.0284899999999999,170855843.0,1632527999999,4931341.70816,27505,86865487.0,2509989.43764,0,SUNUSDT
1632528000000,0.0285,0.0289199999999999,0.027,0.02737,88879061.0,1632614399999,2476274.59775,17523,44542900.0,1239968.2044600002,0,SUNUSDT
1632614400000,0.0274,0.02755,0.02395,0.02539,150454963.0,1632700799999,3823594.77589,21324,67655567.0,1723732.30013,0,SUNUSDT
1632700800000,0.02539,0.0263899999999999,0.02511,0.02537,98978055.0,1632787199999,2573414.32681,15419,48621133.0,1264420.7966,0,SUNUSDT
1632787200000,0.02536,0.02549,0.024,0.0241,48784926.0,1632873599999,1207564.71085,9555,23499603.0,582017.95138,0,SUNUSDT
1632873600000,0.0241,0.02557,0.024,0.02495,42557008.0,1632959999999,1062932.93926,8110,21522753.0,537677.01159,0,SUNUSDT
1632960000000,0.02495,0.0259,0.02484,0.0255099999999999,53132220.0,1633046399999,1346370.60046,10841,26147403.0,662154.68213,0,SUNUSDT
1633046400000,0.0255099999999999,0.02728,0.02529,0.02721,96650712.0,1633132799999,2567367.59792,21159,48478757.0,1288277.62266,0,SUNUSDT
1633132800000,0.02721,0.02787,0.02667,0.0271399999999999,76379268.0,1633219199999,2081358.20136,16415,35952026.0,979612.81206,0,SUNUSDT
1633219200000,0.02712,0.02817,0.02669,0.02786,83658627.0,1633305599999,2299136.65967,17747,42900625.0,1178836.7855,0,SUNUSDT
1633305600000,0.02786,0.02786,0.0262899999999999,0.0274699999999999,91527189.0,1633391999999,2473718.75957,16980,45846801.0,1239063.62965,0,SUNUSDT
1633392000000,0.0274899999999999,0.0296899999999999,0.0274899999999999,0.02908,230979627.0,1633478399999,6627894.62094,46293,119276585.0,3423198.22026,0,SUNUSDT
1633478400000,0.0291,0.02913,0.02685,0.02814,186926179.0,1633564799999,5261011.23503,29365,88568009.0,2493130.76028,0,SUNUSDT
1633564800000,0.02814,0.0289,0.02745,0.02873,191291970.0,1633651199999,5420339.95365,32211,92355237.0,2617569.48069,0,SUNUSDT
1633651200000,0.02873,0.03016,0.02858,0.02941,356842312.0,1633737599999,10535327.85738,47384,186271943.0,5501025.79273,0,SUNUSDT
1633737600000,0.02946,0.03177,0.02923,0.03126,559269527.0,1633823999999,17076883.6039,51565,305858873.0,9338738.25053,0,SUNUSDT
1633824000000,0.03128,0.03132,0.02837,0.0285,500355084.0,1633910399999,14859782.95835,27346,277755880.0,8249846.29144,0,SUNUSDT
1633910400000,0.02848,0.02967,0.02781,0.02825,612848961.0,1633996799999,17728558.11304,38636,335654155.0,9709451.61698,0,SUNUSDT
1633996800000,0.02823,0.0282399999999999,0.02653,0.02761,450843689.0,1634083199999,12303838.35359,29554,248016769.0,6767896.39086,0,SUNUSDT
1634083200000,0.02758,0.0284399999999999,0.02744,0.02838,449583533.0,1634169599999,12612939.52764,22863,232695084.0,6528894.67022,0,SUNUSDT
1634169600000,0.02839,0.02897,0.02815,0.02833,391720812.0,1634255999999,11198103.73122,20434,200471700.0,5731701.486169999,0,SUNUSDT
1634256000000,0.02829,0.0297899999999999,0.02767,0.02918,437512895.0,1634342399999,12575427.40042,39740,229792982.0,6604958.76948,0,SUNUSDT
1634342400000,0.0291699999999999,0.02956,0.02831,0.02922,175315639.0,1634428799999,5068739.88677,21864,90052183.0,2603259.4578400003,0,SUNUSDT
1634428800000,0.0292699999999999,0.0295,0.02803,0.02863,446699674.0,1634515199999,12931690.21188,20543,231889843.0,6713021.43068,0,SUNUSDT
1634515200000,0.02863,0.0289399999999999,0.02792,0.0282399999999999,445894268.0,1634601599999,12625577.29331,16645,245046770.0,6939431.17515,0,SUNUSDT
1634601600000,0.0281899999999999,0.02939,0.02811,0.02913,795209101.0,1634687999999,22914000.11533,25079,411140442.0,11846501.89601,0,SUNUSDT
1634688000000,0.02914,0.05558,0.0289399999999999,0.03618,6978559348.0,1634774399999,297400352.6785,889275,3454814736.0,147601857.24168,0,SUNUSDT
1634774400000,0.03616,0.0372,0.03247,0.03293,1134789695.0,1634860799999,39421780.957490005,149877,554704467.0,19275515.90754,0,SUNUSDT
1634860800000,0.03293,0.03354,0.03113,0.03158,724778415.0,1634947199999,23469254.85504,60889,372592229.0,12069034.23023,0,SUNUSDT
1634947200000,0.03159,0.04105,0.0312,0.03405,1875309217.0,1635033599999,67455052.92907,252963,951570997.0,34230735.996690005,0,SUNUSDT
1635033600000,0.03406,0.038,0.03267,0.03319,1034662780.0,1635119999999,35949943.01612,136533,502246740.0,17451067.198060002,0,SUNUSDT
1635120000000,0.03318,0.03645,0.033,0.03437,576847089.0,1635206399999,20023839.74525,75814,287473613.0,9987098.25905,0,SUNUSDT
1635206400000,0.03436,0.0361,0.03405,0.03433,667973643.0,1635292799999,23291223.32286,69117,343994758.0,11998170.35005,0,SUNUSDT
1635292800000,0.03435,0.03501,0.02948,0.0309,796219867.0,1635379199999,25583934.35347,67207,385785971.0,12407545.5261,0,SUNUSDT
1635379200000,0.0308699999999999,0.03268,0.03085,0.0323899999999999,349224107.0,1635465599999,11094280.07684,39232,177455183.0,5642024.65756,0,SUNUSDT
1635465600000,0.0324,0.03372,0.03185,0.03347,555017669.0,1635551999999,18101015.20879,36908,275028331.0,8971799.75539,0,SUNUSDT
1635552000000,0.0334,0.0408899999999999,0.03278,0.03466,1512350637.0,1635638399999,56080376.06724,210587,747219050.0,27715494.63585,0,SUNUSDT
1635638400000,0.03464,0.0372,0.03341,0.03532,646421118.0,1635724799999,22200871.31165,59724,338944050.0,11641734.53369,0,SUNUSDT
1635724800000,0.03535,0.0364899999999999,0.03358,0.03421,410734098.0,1635811199999,14245084.71949,35293,210415156.0,7299241.98773,0,SUNUSDT
1635811200000,0.03421,0.03961,0.0338199999999999,0.03725,1460321073.0,1635897599999,53475317.10988,123928,776165456.0,28417107.2559,0,SUNUSDT
1635897600000,0.0372399999999999,0.03762,0.03469,0.03614,1794064068.0,1635983999999,64666080.64303,65178,918885002.0,33113945.74059,0,SUNUSDT
1635984000000,0.03613,0.0367899999999999,0.03402,0.03478,1658933812.0,1636070399999,58508297.97531,52545,849499487.0,29973143.3602,0,SUNUSDT
1636070400000,0.03477,0.0357,0.03408,0.03547,1749657505.0,1636156799999,61243290.13531,48390,898639883.0,31463359.344340004,0,SUNUSDT
1636156800000,0.03548,0.03864,0.0345,0.03613,1793246981.0,1636243199999,64664145.39534,95733,901363494.0,32516816.63673,0,SUNUSDT
1636243200000,0.03612,0.03832,0.03591,0.03783,1265087742.0,1636329599999,46918702.39206,66312,647448501.0,24013846.10664,0,SUNUSDT
1636329600000,0.03783,0.04186,0.03762,0.0382399999999999,1317715099.0,1636415999999,51233523.112940006,127815,670911249.0,26091234.47795,0,SUNUSDT
1636416000000,0.0382,0.03883,0.03721,0.03847,667551699.0,1636502399999,25336293.57905,54464,338849260.0,12866022.66186,0,SUNUSDT
1636502400000,0.03851,0.03963,0.03508,0.03583,498418501.0,1636588799999,19046213.63689,63078,251039336.0,9594651.59033,0,SUNUSDT
1636588800000,0.0357899999999999,0.03738,0.03475,0.03633,1371992593.0,1636675199999,49798901.87339,47951,732535221.0,26596529.14495,0,SUNUSDT
1636675200000,0.03634,0.03687,0.03388,0.03562,1191555423.0,1636761599999,41998155.89379,43735,635539549.0,22393718.45971,0,SUNUSDT
1636761600000,0.03562,0.0422899999999999,0.03559,0.0386,1460478912.0,1636847999999,57623808.83717,239107,743997432.0,29327589.11291,0,SUNUSDT
1636848000000,0.0386,0.04048,0.03755,0.03929,777986202.0,1636934399999,30094519.435870003,58418,407506074.0,15760855.68357,0,SUNUSDT
1636934400000,0.03929,0.04273,0.03868,0.04059,1225016780.0,1637020799999,49259856.76868,125020,630097815.0,25329765.28817,0,SUNUSDT
1637020800000,0.04061,0.04061,0.033,0.03582,1141966051.0,1637107199999,42223884.90482,73807,596836911.0,22075222.17892,0,SUNUSDT
1637107200000,0.0357899999999999,0.0362399999999999,0.03412,0.0352699999999999,566067507.0,1637193599999,19919933.17852,29671,292260982.0,10281161.20285,0,SUNUSDT
1637193600000,0.0352699999999999,0.03561,0.031,0.03142,674041179.0,1637279999999,22633153.15995,32603,350958943.0,11789172.0215,0,SUNUSDT
1637280000000,0.0314,0.03393,0.03082,0.03342,301882423.0,1637366399999,9675686.08229,23801,159798414.0,5112675.72211,0,SUNUSDT
1637366400000,0.0334,0.0369899999999999,0.03317,0.03471,316504083.0,1637452799999,10810899.02907,42121,164086239.0,5605747.06365,0,SUNUSDT
1637452800000,0.03471,0.03549,0.03405,0.0340699999999999,269413340.0,1637539199999,9386993.4249,32925,138007439.0,4807786.15707,0,SUNUSDT
1637539200000,0.03404,0.03424,0.0321899999999999,0.03321,275596258.0,1637625599999,9146472.52584,32343,148922472.0,4942980.99766,0,SUNUSDT
1637625600000,0.0332,0.03361,0.0324,0.03341,182897709.0,1637711999999,6052616.37815,19084,94295174.0,3120554.3708200003,0,SUNUSDT
1637712000000,0.03341,0.0335,0.03065,0.03115,202174649.0,1637798399999,6413905.27271,21900,93763197.0,2960740.89824,0,SUNUSDT
1637798400000,0.03111,0.03276,0.0309,0.03231,311059325.0,1637884799999,9917319.41911,28433,158392943.0,5050857.19601,0,SUNUSDT
1637884800000,0.03231,0.03236,0.02821,0.02876,878548861.0,1637971199999,26298458.16067,37727,480144022.0,14361456.66987,0,SUNUSDT
1637971200000,0.02876,0.0305,0.02868,0.02937,840951279.0,1638057599999,24784206.12875,29727,453183112.0,13350237.54806,0,SUNUSDT
1638057600000,0.0294,0.0301899999999999,0.0278199999999999,0.03013,1085186471.0,1638143999999,31122071.23716,31694,538700014.0,15448106.008220002,0,SUNUSDT
1638144000000,0.0301399999999999,0.03098,0.0295199999999999,0.03051,1609683095.0,1638230399999,48740978.48291,33315,823007425.0,24904616.13086,0,SUNUSDT
1638230400000,0.03055,0.03145,0.02975,0.03005,1711423758.0,1638316799999,52048860.8884,38761,870780208.0,26490498.09353,0,SUNUSDT
1638316800000,0.03007,0.0313,0.02978,0.03006,1218127372.0,1638403199999,36898907.04318,32426,660175002.0,19999410.02758,0,SUNUSDT
1638403200000,0.03008,0.03046,0.02921,0.03035,1506520098.0,1638489599999,44767189.92426,33900,772625899.0,22967053.62862,0,SUNUSDT
1638489600000,0.03033,0.03197,0.0286899999999999,0.02893,1688220251.0,1638575999999,51831891.74352,63762,873461528.0,26819414.46521,0,SUNUSDT
1638576000000,0.0289199999999999,0.02893,0.02223,0.02591,1843694567.0,1638662399999,46833058.07732,54709,957055873.0,24323489.17577,0,SUNUSDT
1638662400000,0.0258699999999999,0.02626,0.02383,0.02488,1520205383.0,1638748799999,38015829.90862,38942,756926341.0,18930415.28666,0,SUNUSDT
1638748800000,0.02489,0.0249,0.02155,0.02427,1734197797.0,1638835199999,40675482.98008,60310,878478978.0,20603226.51103,0,SUNUSDT
1638835200000,0.02427,0.02606,0.02415,0.02451,1656638034.0,1638921599999,41191955.75475,55519,848469094.0,21104879.22926,0,SUNUSDT
1638921600000,0.02451,0.02635,0.02436,0.02561,1704216228.0,1639007999999,43220943.43782,58428,872591050.0,22128758.69856,0,SUNUSDT
1639008000000,0.0256,0.02605,0.02436,0.02446,1174958377.0,1639094399999,29447614.71695,34525,598201090.0,14992540.592170002,0,SUNUSDT
1639094400000,0.02443,0.0260399999999999,0.0242,0.02435,1440123649.0,1639180799999,36007771.44957,35108,707733204.0,17698025.70999,0,SUNUSDT
1639180800000,0.0243199999999999,0.02523,0.02388,0.02471,1331378609.0,1639267199999,32886271.36511,19849,670507582.0,16561149.885520002,0,SUNUSDT
1639267200000,0.0247,0.0298699999999999,0.02433,0.02728,2474894728.0,1639353599999,66517559.624340005,116616,1267528905.0,34107412.82751,0,SUNUSDT
1639353600000,0.02728,0.02745,0.02316,0.02353,1569484103.0,1639439999999,39441859.8913,42768,779593196.0,19590326.60387,0,SUNUSDT
1639440000000,0.02353,0.02445,0.02307,0.0240599999999999,1595058376.0,1639526399999,37785895.60685,29391,804209731.0,19050707.32961,0,SUNUSDT
1639526400000,0.0240699999999999,0.02483,0.02251,0.02421,1201206156.0,1639612799999,28724168.16002,31214,614666106.0,14692823.67039,0,SUNUSDT
1639612800000,0.0242,0.02436,0.02305,0.02311,1024855366.0,1639699199999,24410727.46715,25538,516886498.0,12310203.66346,0,SUNUSDT
1639699200000,0.0231,0.02333,0.02122,0.02171,1767572881.0,1639785599999,39306304.77239,32876,898656578.0,19975971.87983,0,SUNUSDT
1639785600000,0.02171,0.0229599999999999,0.02144,0.02253,1498457426.0,1639871999999,33238231.33345,26823,745638055.0,16540100.96763,0,SUNUSDT
1639872000000,0.02253,0.0275899999999999,0.02231,0.02316,1567959090.0,1639958399999,38378611.28976,116852,773035505.0,18911563.111,0,SUNUSDT
1639958400000,0.02316,0.02336,0.02154,0.0222699999999999,1353220606.0,1640044799999,30163358.3512,30774,683130001.0,15229156.059479998,0,SUNUSDT
1640044800000,0.0223,0.02292,0.02204,0.02273,1118524797.0,1640131199999,25261718.3148,18453,562782581.0,12713858.72432,0,SUNUSDT
1640131200000,0.02275,0.02367,0.0226,0.02295,1141025950.0,1640217599999,26334623.39766,24632,570673882.0,13172014.32473,0,SUNUSDT
1640217600000,0.0229599999999999,0.02423,0.02259,0.02408,1369880285.0,1640303999999,31858113.95922,33308,696187442.0,16189303.159029998,0,SUNUSDT
1640304000000,0.02409,0.02463,0.02316,0.02327,1110966694.0,1640390399999,26565302.34292,33364,556664253.0,13308863.82972,0,SUNUSDT
1640390400000,0.02329,0.0239699999999999,0.02311,0.02383,1193342755.0,1640476799999,28112766.7564,14758,594794006.0,14012247.80485,0,SUNUSDT
1640476800000,0.02383,0.02455,0.0231199999999999,0.02445,798056037.0,1640563199999,18778222.33033,21062,402999422.0,9483490.14066,0,SUNUSDT
1640563200000,0.02445,0.02548,0.02404,0.02415,704218974.0,1640649599999,17205877.53823,32559,335214814.0,8193448.27888,0,SUNUSDT
1640649600000,0.02416,0.02422,0.02178,0.022,332390673.0,1640735999999,7622273.34424,21596,172641628.0,3957280.85494,0,SUNUSDT
1640736000000,0.02196,0.02302,0.02161,0.02169,240897997.0,1640822399999,5420703.95961,16674,126532788.0,2847467.72792,0,SUNUSDT
1640822400000,0.02174,0.02238,0.02146,0.0221099999999999,751827990.0,1640908799999,16527398.93711,15461,390095793.0,8574478.630010001,0,SUNUSDT
1640908800000,0.0221,0.02265,0.0212699999999999,0.02179,763580660.0,1640995199999,16806819.42954,20105,397769853.0,8752104.20338,0,SUNUSDT
1640995200000,0.02179,0.02278,0.02175,0.02246,411944425.0,1641081599999,9154823.2187,14748,232364434.0,5166542.42627,0,SUNUSDT
1641081600000,0.02246,0.02252,0.02205,0.0223,722553737.0,1641167999999,16075385.4263,15960,361908727.0,8050879.22776,0,SUNUSDT
1641168000000,0.02229,0.02263,0.02182,0.02206,638096202.0,1641254399999,14195070.380979998,23744,308511510.0,6863646.00926,0,SUNUSDT
1641254400000,0.02207,0.0233,0.02182,0.02234,776906551.0,1641340799999,17512264.29598,33609,404535641.0,9120230.45014,0,SUNUSDT
1641340800000,0.02234,0.02299,0.02,0.02043,1201111494.0,1641427199999,26767682.63485,32662,625362484.0,13944726.85598,0,SUNUSDT
1641427200000,0.02045,0.02124,0.0201,0.02095,1172517573.0,1641513599999,24076033.08838,29080,626382282.0,12860118.891,0,SUNUSDT
1641513600000,0.02095,0.021,0.01905,0.01968,1485970507.0,1641599999999,29399850.423290003,38301,764684802.0,15130276.41436,0,SUNUSDT
1641600000000,0.01969,0.02008,0.01832,0.01869,1088376417.0,1641686399999,21175465.77923,30857,559939580.0,10892531.67204,0,SUNUSDT
1641686400000,0.01869,0.0194,0.01856,0.01896,1010690578.0,1641772799999,19086504.96849,22079,542413212.0,10243980.61898,0,SUNUSDT
1641772800000,0.01895,0.01934,0.01745,0.01815,1388202521.0,1641859199999,25833455.15317,36581,721654410.0,13427120.89953,0,SUNUSDT
1641859200000,0.01815,0.01884,0.01791,0.01869,1679664648.0,1641945599999,30777421.96403,33894,861416732.0,15780538.19318,0,SUNUSDT
1641945600000,0.01869,0.01991,0.01865,0.01978,2452052763.0,1642031999999,47241955.82113,41996,1235614446.0,23794132.69408,0,SUNUSDT
1642032000000,0.01978,0.02004,0.01906,0.0193,2425611647.0,1642118399999,47409527.96505,41507,1215785111.0,23767403.34437,0,SUNUSDT
1642118400000,0.01929,0.02194,0.01913,0.02048,2266689823.0,1642204799999,45994028.00317,74699,1109270848.0,22508529.7544,0,SUNUSDT
1642204800000,0.0205,0.0215,0.02025,0.02083,1700758281.0,1642291199999,35565914.89965,54973,849627643.0,17766222.90318,0,SUNUSDT
1642291200000,0.02083,0.02161,0.02077,0.02106,1276474798.0,1642377599999,27027794.87831,42971,648674471.0,13737230.95829,0,SUNUSDT
1642377600000,0.02106,0.02189,0.0203,0.02071,1710837731.0,1642463999999,35861223.6849,63032,862271595.0,18076363.35106,0,SUNUSDT
1642464000000,0.02071,0.02093,0.01904,0.0194599999999999,1727514383.0,1642550399999,34028611.584970005,49456,871879370.0,17173977.24002,0,SUNUSDT
1642550400000,0.0194599999999999,0.01951,0.01849,0.01896,1726844054.0,1642636799999,32858269.81212,46425,866032231.0,16477150.3171,0,SUNUSDT
1642636800000,0.01896,0.01987,0.01831,0.01838,1784977905.0,1642723199999,34108852.87636,47782,917931306.0,17537599.43955,0,SUNUSDT
1642723200000,0.0183699999999999,0.01857,0.0141199999999999,0.01614,2462059376.0,1642809599999,42841116.6705,61928,1256431339.0,21869178.20429,0,SUNUSDT
1642809600000,0.01614,0.01648,0.01396,0.01494,3024103946.0,1642895999999,45134860.87736,71259,1517565932.0,22655376.39942,0,SUNUSDT
1642896000000,0.01493,0.01551,0.01443,0.0150099999999999,1505039448.0,1642982399999,22602227.72669,35654,764430606.0,11480381.89295,0,SUNUSDT
1642982400000,0.0150099999999999,0.0150099999999999,0.01314,0.01432,2328712404.0,1643068799999,32472169.57438,51342,1180730062.0,16472676.25194,0,SUNUSDT
1643068800000,0.01433,0.01459,0.01395,0.01443,3286138775.0,1643155199999,47121486.77152,46251,1670902189.0,23962848.55438,0,SUNUSDT
1643155200000,0.0144199999999999,0.0153599999999999,0.0143,0.01458,3004489910.0,1643241599999,44240900.64286,47070,1505478050.0,22170036.07907,0,SUNUSDT
1643241600000,0.01458,0.0147199999999999,0.01345,0.01407,2172306739.0,1643327999999,30449499.871840004,32922,1078141394.0,15110729.321570002,0,SUNUSDT
1643328000000,0.01407,0.01426,0.01365,0.0141699999999999,1948346039.0,1643414399999,27151949.30989,29051,968120291.0,13492267.46342,0,SUNUSDT
1643414400000,0.0141699999999999,0.01457,0.01403,0.0145199999999999,1179864569.0,1643500799999,16885579.97241,20020,601332983.0,8608593.559910001,0,SUNUSDT
1643500800000,0.0145199999999999,0.01457,0.01394,0.0141,1294457682.0,1643587199999,18519594.53209,22366,640109849.0,9154286.40849,0,SUNUSDT
1643587200000,0.01409,0.0143699999999999,0.01359,0.01427,1618105162.0,1643673599999,22671183.21743,26458,812566832.0,11385516.50776,0,SUNUSDT
1643673600000,0.01427,0.01603,0.01409,0.01515,1803556876.0,1643759999999,26369580.51774,43196,921682857.0,13479579.12376,0,SUNUSDT
1643760000000,0.01515,0.01615,0.01475,0.01479,1118171198.0,1643846399999,17166994.467779998,32769,536140112.0,8231532.24958,0,SUNUSDT
1643846400000,0.01478,0.0149,0.0144,0.0147099999999999,1479105174.0,1643932799999,21721660.54039,29080,741499102.0,10889600.82163,0,SUNUSDT
1643932800000,0.0147099999999999,0.01765,0.01465,0.0165699999999999,2015531886.0,1644019199999,32962687.61982,76325,1012189721.0,16563072.26501,0,SUNUSDT
1644019200000,0.0165699999999999,0.01795,0.01614,0.01641,1588227925.0,1644105599999,26908792.05827,49896,802292970.0,13593108.55645,0,SUNUSDT
1644105600000,0.01642,0.01714,0.0164,0.0168199999999999,1386675248.0,1644191999999,23174904.85334,29988,689165691.0,11516860.98116,0,SUNUSDT
1644192000000,0.0168199999999999,0.01761,0.01652,0.01718,1905339517.0,1644278399999,32572996.7896,38107,966877306.0,16525942.15218,0,SUNUSDT
1644278400000,0.01718,0.01771,0.01651,0.01687,1893233658.0,1644364799999,32187801.97573,36749,955401754.0,16244202.73996,0,SUNUSDT
1644364800000,0.01687,0.01731,0.01651,0.01698,1715779231.0,1644451199999,28887348.56663,32523,875557185.0,14739982.40211,0,SUNUSDT
1644451200000,0.017,0.01847,0.01654,0.01711,1425942783.0,1644537599999,24586303.97525,42375,721845558.0,12451455.32595,0,SUNUSDT
1644537600000,0.0171,0.01713,0.01568,0.01587,1953710929.0,1644623999999,32304963.89697,32868,969402346.0,16033638.09816,0,SUNUSDT
1644624000000,0.01587,0.01619,0.01546,0.01591,2059645870.0,1644710399999,32662874.8472,28675,1052434715.0,16693331.97537,0,SUNUSDT
1644710400000,0.01591,0.01646,0.01579,0.0163,949877737.0,1644796799999,15283661.067970002,17554,477855475.0,7690439.72348,0,SUNUSDT
1644796800000,0.0163099999999999,0.0194,0.01616,0.01661,1806529300.0,1644883199999,31526536.9782,88470,915574904.0,16001836.88006,0,SUNUSDT
1644883200000,0.01661,0.01739,0.0166,0.01732,372605131.0,1644969599999,6356882.6654,20530,183745196.0,3135226.89227,0,SUNUSDT
1644969600000,0.01732,0.01733,0.01654,0.01698,623681891.0,1645055999999,10540808.26357,20548,307672754.0,5199147.3431,0,SUNUSDT
1645056000000,0.01698,0.01707,0.01564,0.0158199999999999,819204438.0,1645142399999,13398204.77452,22749,405884018.0,6636944.91931,0,SUNUSDT
1645142400000,0.0158,0.01663,0.01569,0.0159699999999999,947066256.0,1645228799999,15264520.72857,26173,479789434.0,7733467.11758,0,SUNUSDT
1645228800000,0.01598,0.01628,0.0149,0.01513,692867678.0,1645315199999,10839951.84612,17864,343810798.0,5377283.56937,0,SUNUSDT
1645315200000,0.01513,0.01514,0.01265,0.01316,1182614718.0,1645401599999,15897898.93827,39940,599525625.0,8045324.684489999,0,SUNUSDT
1645401600000,0.01316,0.01356,0.0121,0.01218,1120791159.0,1645487999999,14556246.73949,29620,552082906.0,7172192.400219999,0,SUNUSDT
1645488000000,0.01217,0.01255,0.01188,0.01249,1080935625.0,1645574399999,13243912.90704,18088,538872654.0,6602996.62142,0,SUNUSDT
1645574400000,0.0125,0.01288,0.01211,0.01213,821162097.0,1645660799999,10293006.97915,15951,417387450.0,5235775.87019,0,SUNUSDT
1645660800000,0.01213,0.01215,0.01066,0.01146,1793089080.0,1645747199999,20057908.62395,32383,900110616.0,10071727.33411,0,SUNUSDT
1645747200000,0.01147,0.01194,0.01117,0.01171,1378957475.0,1645833599999,15934332.94934,28579,706638357.0,8165855.56168,0,SUNUSDT
1645833600000,0.0117,0.01212,0.01165,0.01193,978031213.0,1645919999999,11617514.44013,22840,503044854.0,5976864.7662,0,SUNUSDT
1645920000000,0.01194,0.01202,0.01112,0.01128,933284525.0,1646006399999,10859855.11081,23912,469593600.0,5464646.32487,0,SUNUSDT
1646006400000,0.01127,0.01226,0.01111,0.01214,875497915.0,1646092799999,10143037.1792,21765,440261366.0,5102691.29098,0,SUNUSDT
1646092800000,0.01215,0.0126,0.01214,0.01248,1009497711.0,1646179199999,12508741.55179,26490,505666432.0,6266456.18783,0,SUNUSDT
1646179200000,0.01248,0.01345,0.01214,0.0122099999999999,1315455975.0,1646265599999,16547685.40396,32271,641834300.0,8074339.420969999,0,SUNUSDT
1646265600000,0.0122,0.01224,0.01159,0.01194,806969816.0,1646351999999,9612065.22556,14699,429477042.0,5115923.724280001,0,SUNUSDT
1646352000000,0.01194,0.012,0.01121,0.01139,764658561.0,1646438399999,8888172.0909,15117,383689988.0,4463852.03361,0,SUNUSDT
1646438400000,0.0114,0.01274,0.01123,0.01211,1100524361.0,1646524799999,13041005.29375,27717,550054591.0,6515936.118840001,0,SUNUSDT
1646524800000,0.0121,0.01374,0.01155,0.0115599999999999,1786293822.0,1646611199999,22560834.331770003,77012,874381346.0,11058157.59593,0,SUNUSDT
1646611200000,0.01157,0.01201,0.01105,0.01117,520065763.0,1646697599999,5967865.55305,16209,257302596.0,2951178.73144,0,SUNUSDT
1646697600000,0.0111799999999999,0.01163,0.01116,0.01137,645314756.0,1646783999999,7359752.38232,11063,305132458.0,3480600.72005,0,SUNUSDT
1646784000000,0.01137,0.0121599999999999,0.01137,0.01192,871579905.0,1646870399999,10340392.49916,17971,455282917.0,5402151.10411,0,SUNUSDT
1646870400000,0.01192,0.01192,0.01121,0.01144,1016286486.0,1646956799999,11729331.55097,16772,506745212.0,5844164.57344,0,SUNUSDT
1646956800000,0.01143,0.013,0.01125,0.01185,1305192377.0,1647043199999,15398062.71521,24958,663524537.0,7826664.00238,0,SUNUSDT
1647043200000,0.01185,0.01249,0.01149,0.0115,784605159.0,1647129599999,9359792.61736,11261,383892146.0,4583467.65632,0,SUNUSDT
1647129600000,0.0115,0.0116,0.01107,0.01113,863826155.0,1647215999999,9840811.4723,9987,443778304.0,5054164.85353,0,SUNUSDT
1647216000000,0.01113,0.0121,0.0110599999999999,0.01176,1379925250.0,1647302399999,15874543.709129998,17111,712491319.0,8196804.323410001,0,SUNUSDT
1647302400000,0.01176,0.01178,0.0111,0.01143,1136775812.0,1647388799999,12966662.0381,12991,587820071.0,6707671.838719999,0,SUNUSDT
1647388800000,0.01144,0.0117299999999999,0.01123,0.01167,1060533019.0,1647475199999,12196633.22552,15961,519994712.0,5979168.26102,0,SUNUSDT
1647475200000,0.01167,0.01175,0.01152,0.01158,476224307.0,1647561599999,5535288.44111,6939,220916808.0,2568765.13692,0,SUNUSDT
1647561600000,0.01158,0.01199,0.01144,0.01189,741479780.0,1647647999999,8668132.91151,13224,367049436.0,4292107.71426,0,SUNUSDT
1647648000000,0.01189,0.01253,0.01188,0.0122099999999999,889811332.0,1647734399999,10897310.11606,13816,455039036.0,5573981.18403,0,SUNUSDT
1647734400000,0.0122099999999999,0.01574,0.01201,0.01418,3273004968.0,1647820799999,44974349.28672,173516,1679588210.0,23091542.68801,0,SUNUSDT
1647820800000,0.01418,0.01418,0.01268,0.01281,716992473.0,1647907199999,9375024.40835,31275,345010613.0,4513377.649,0,SUNUSDT
1647907200000,0.0128,0.01418,0.0127599999999999,0.0133199999999999,742829400.0,1647993599999,9907020.01348,66568,380127929.0,5070901.954469999,0,SUNUSDT
1647993600000,0.0133199999999999,0.0135699999999999,0.01304,0.0132699999999999,1002979820.0,1648079999999,13246443.40169,23591,491177693.0,6488420.54481,0,SUNUSDT
1648080000000,0.01326,0.01376,0.01319,0.01371,1634927169.0,1648166399999,22060306.24013,34986,827186523.0,11162722.97148,0,SUNUSDT
1648166400000,0.01371,0.01374,0.01319,0.01342,1663702126.0,1648252799999,22508797.50606,26116,839942535.0,11362402.48577,0,SUNUSDT
1648252800000,0.01342,0.01444,0.01324,0.0144199999999999,1776000947.0,1648339199999,24476673.36309,93776,887706092.0,12235203.78366,0,SUNUSDT
1648339200000,0.0144199999999999,0.01664,0.01388,0.01505,1623303259.0,1648425599999,23922000.50696,83353,838634464.0,12370330.52553,0,SUNUSDT
1648425600000,0.01504,0.01558,0.01473,0.01487,233385255.0,1648511999999,3533128.62906,29105,108081073.0,1636510.26966,0,SUNUSDT
1648512000000,0.01486,0.01516,0.01454,0.01468,94946701.0,1648598399999,1412714.25231,14080,37087875.0,551997.34729,0,SUNUSDT
1648598400000,0.0146699999999999,0.01589,0.01436,0.01555,321036859.0,1648684799999,4899100.93924,54034,159163285.0,2432440.97404,0,SUNUSDT
1648684800000,0.01554,0.02039,0.01554,0.01613,1894542806.0,1648771199999,33851375.22338,240684,926861403.0,16587698.36177,0,SUNUSDT
1648771200000,0.01613,0.01673,0.0153099999999999,0.01672,474271687.0,1648857599999,7614799.26615,39556,245627125.0,3947333.10381,0,SUNUSDT
1648857600000,0.01672,0.01747,0.01625,0.0165,476437348.0,1648943999999,8031726.23623,39213,232208908.0,3916660.07531,0,SUNUSDT
1648944000000,0.01649,0.01724,0.01601,0.01677,427403157.0,1649030399999,7063306.4188,25479,223031796.0,3686978.592230001,0,SUNUSDT
1649030400000,0.01677,0.01679,0.01556,0.01626,271606073.0,1649116799999,4429441.79807,16048,135247222.0,2206984.74272,0,SUNUSDT
1649116800000,0.01626,0.01699,0.016,0.01617,497131951.0,1649203199999,8124385.2018,18408,255809169.0,4182900.13663,0,SUNUSDT
1649203200000,0.01618,0.01619,0.01481,0.01508,510623268.0,1649289599999,7863160.754910001,16034,241765289.0,3722566.03493,0,SUNUSDT
1649289600000,0.01505,0.01565,0.01494,0.01538,470467465.0,1649375999999,7208220.846410001,8973,245368439.0,3761146.18469,0,SUNUSDT
1649376000000,0.0153599999999999,0.01722,0.0148199999999999,0.01504,805502531.0,1649462399999,12493139.41231,26587,420238376.0,6524935.50428,0,SUNUSDT
1649462400000,0.0150199999999999,0.0171,0.0150199999999999,0.01648,1488869748.0,1649548799999,24068437.68424,62442,793047022.0,12858722.82979,0,SUNUSDT
1649548800000,0.01648,0.01838,0.01617,0.01678,2240684516.0,1649635199999,38474210.77491,95113,1157271728.0,19884331.50546,0,SUNUSDT
1649635200000,0.01677,0.01736,0.01398,0.01429,1067549902.0,1649721599999,16921875.2674,54129,531327714.0,8446854.90948,0,SUNUSDT
1649721600000,0.01429,0.01591,0.01408,0.0144199999999999,1266517731.0,1649807999999,18868347.7722,54710,627854114.0,9379859.77454,0,SUNUSDT
1649808000000,0.0144,0.01585,0.01425,0.01488,449392904.0,1649894399999,6705987.66485,27816,230474707.0,3444406.07787,0,SUNUSDT
1649894400000,0.01487,0.01639,0.01439,0.0148,949087505.0,1649980799999,14522419.25069,48990,483137742.0,7411914.22172,0,SUNUSDT
1649980800000,0.01481,0.01519,0.01473,0.01496,207865375.0,1650067199999,3101880.74188,7261,102560456.0,1531456.5807,0,SUNUSDT
1650067200000,0.01495,0.01518,0.01448,0.0147,237174504.0,1650153599999,3511587.17679,6573,113229137.0,1677803.19938,0,SUNUSDT
1650153600000,0.0147,0.01494,0.0139999999999999,0.01405,226219788.0,1650239999999,3319944.40803,5671,112583649.0,1655185.5645700002,0,SUNUSDT
1650240000000,0.01405,0.0144599999999999,0.0135,0.01439,806475102.0,1650326399999,11250025.78712,16033,417714325.0,5828896.4701,0,SUNUSDT
1650326400000,0.01438,0.01469,0.0142,0.01457,831145720.0,1650412799999,11999312.70148,13466,440744591.0,6362221.2985,0,SUNUSDT
1650412800000,0.01457,0.01486,0.01436,0.0145199999999999,829449165.0,1650499199999,12104948.34013,13455,430960125.0,6290796.70051,0,SUNUSDT
1650499200000,0.01454,0.01709,0.01445,0.01544,1217868809.0,1650585599999,19170085.289070003,79705,622557740.0,9797785.71478,0,SUNUSDT
1650585600000,0.01542,0.0158199999999999,0.01478,0.01491,604955360.0,1650671999999,9189342.4751,37900,303673610.0,4614614.06872,0,SUNUSDT
1650672000000,0.01491,0.01548,0.0146699999999999,0.01473,435263649.0,1650758399999,6538647.04114,20664,222253911.0,3339262.79154,0,SUNUSDT
1650758400000,0.0147199999999999,0.01478,0.01423,0.01427,448258502.0,1650844799999,6498267.11331,16046,221559242.0,3211289.21276,0,SUNUSDT
1650844800000,0.01427,0.0143,0.0132699999999999,0.01407,390829746.0,1650931199999,5379457.7439,15687,195976995.0,2698321.30983,0,SUNUSDT
1650931200000,0.01407,0.0141199999999999,0.01316,0.01326,312260022.0,1651017599999,4261096.3687,12111,151401790.0,2066287.56212,0,SUNUSDT
1651017600000,0.01326,0.0146,0.01318,0.01388,666392550.0,1651103999999,9244006.55181,24126,331780345.0,4600278.93668,0,SUNUSDT
1651104000000,0.01389,0.01448,0.01338,0.0136099999999999,743997197.0,1651190399999,10292753.9929,21674,380514710.0,5267444.03245,0,SUNUSDT
1651190400000,0.0136,0.01432,0.01304,0.0132199999999999,1287822226.0,1651276799999,17575001.80241,28993,649390237.0,8855499.10004,0,SUNUSDT
1651276800000,0.01323,0.0148,0.01269,0.01287,1308507476.0,1651363199999,17521441.6411,29765,679170542.0,9096910.28912,0,SUNUSDT
1651363200000,0.01286,0.01338,0.0119,0.01226,1961249570.0,1651449599999,24594354.37106,50435,948447565.0,11901455.39174,0,SUNUSDT
1651449600000,0.01227,0.01264,0.01153,0.01198,452489979.0,1651535999999,5478548.58156,20207,229804376.0,2782632.94679,0,SUNUSDT
1651536000000,0.01199,0.01258,0.01171,0.01207,422753021.0,1651622399999,5109273.92582,20452,218057634.0,2637453.44272,0,SUNUSDT
1651622400000,0.01208,0.01366,0.0117299999999999,0.01365,749178126.0,1651708799999,9427937.06865,32209,394378613.0,4965214.193419999,0,SUNUSDT
1651708800000,0.01365,0.0142099999999999,0.01159,0.0119099999999999,876398441.0,1651795199999,11402560.13828,39257,446537940.0,5815561.2012,0,SUNUSDT
1651795200000,0.0119099999999999,0.01324,0.01169,0.01299,889661594.0,1651881599999,11025412.54206,34724,475185338.0,5891524.934090001,0,SUNUSDT
1651881600000,0.01299,0.01457,0.01213,0.01254,1187884399.0,1651967999999,15547434.80961,52757,596892829.0,7816970.05665,0,SUNUSDT
1651968000000,0.01254,0.01341,0.01199,0.01277,691340201.0,1652054399999,8709556.65039,31407,354470881.0,4467086.70094,0,SUNUSDT
1652054400000,0.01277,0.01281,0.01043,0.0105,622330617.0,1652140799999,7196980.60725,29696,311109271.0,3598535.73352,0,SUNUSDT
1652140800000,0.01048,0.01159,0.0103,0.01089,1411368083.0,1652227199999,15801115.86378,23798,775484731.0,8688741.262319999,0,SUNUSDT
1652227200000,0.0109,0.01122,0.00843,0.00914,2096775249.0,1652313599999,20309269.7365,33366,1129130894.0,10938892.929,0,SUNUSDT
1652313600000,0.00914,0.0096099999999999,0.00769,0.00782,1948656648.0,1652399999999,16585449.38028,25011,1055112426.0,8985499.812110001,0,SUNUSDT
1652400000000,0.00782,0.0100299999999999,0.0077599999999999,0.0094,2783236722.0,1652486399999,25555471.83616,35799,1429386450.0,13177729.45725,0,SUNUSDT
1652486400000,0.00941,0.01011,0.00904,0.0093099999999999,1789066259.0,1652572799999,16899512.11793,24321,950249478.0,9010470.19159,0,SUNUSDT
1652572800000,0.0093,0.0099,0.00874,0.00929,2504777281.0,1652659199999,23094990.33371,29616,1412788791.0,13146874.9516,0,SUNUSDT
1652659200000,0.00927,0.00928,0.00855,0.00856,677845812.0,1652745599999,6029831.72314,17244,359516211.0,3199104.09245,0,SUNUSDT
1652745600000,0.00857,0.00904,0.00856,0.00891,564159904.0,1652831999999,4971061.15056,15333,319610453.0,2817041.34859,0,SUNUSDT
1652832000000,0.00891,0.009,0.00848,0.00849,708884458.0,1652918399999,6173979.111819999,17027,382375855.0,3332745.60228,0,SUNUSDT
1652918400000,0.0085,0.00905,0.00842,0.00899,916979720.0,1653004799999,8136179.08473,21072,500709047.0,4445488.75352,0,SUNUSDT
1653004800000,0.00899,0.00909,0.00848,0.00875,1115251360.0,1653091199999,9808247.302089998,22516,601591918.0,5291487.331069999,0,SUNUSDT
1653091200000,0.0087599999999999,0.00908,0.00861,0.00883,796791643.0,1653177599999,7005486.07235,17384,424689504.0,3734630.74131,0,SUNUSDT
1653177600000,0.00884,0.00928,0.00875,0.00925,738962609.0,1653263999999,6602787.59995,16857,412396290.0,3687409.61039,0,SUNUSDT
1653264000000,0.00924,0.00936,0.00857,0.00859,1403307588.0,1653350399999,12790049.05324,27218,748909661.0,6832494.95708,0,SUNUSDT
1653350400000,0.00859,0.00937,0.00857,0.00909,1238307610.0,1653436799999,11208926.8653,24675,665592500.0,6024489.27925,0,SUNUSDT
1653436800000,0.00909,0.00978,0.00899,0.00934,1038164978.0,1653523199999,9622278.55423,23603,575129858.0,5332949.19976,0,SUNUSDT
1653523200000,0.00934,0.00982,0.00885,0.00904,1360634473.0,1653609599999,12569480.83279,27992,751296874.0,6943559.75085,0,SUNUSDT
1653609600000,0.00904,0.00924,0.00872,0.00895,1209473320.0,1653695999999,10835847.77419,22788,678651922.0,6081929.5571,0,SUNUSDT
1653696000000,0.00896,0.00925,0.00883,0.00914,566410319.0,1653782399999,5128964.15609,16400,308785127.0,2796859.65326,0,SUNUSDT
1653782400000,0.00914,0.00932,0.00897,0.00922,427730592.0,1653868799999,3909521.0727,12479,226984785.0,2074773.06506,0,SUNUSDT
1653868800000,0.00922,0.00983,0.00907,0.00965,756724723.0,1653955199999,7197223.76695,14451,398932357.0,3795284.81622,0,SUNUSDT
1653955200000,0.00966,0.01038,0.00951,0.01023,762850997.0,1654041599999,7571776.862980001,18517,393039654.0,3901943.43967,0,SUNUSDT
1654041600000,0.01024,0.01093,0.00968,0.00993,903978188.0,1654127999999,9247880.9098,24535,444633503.0,4549652.10195,0,SUNUSDT
1654128000000,0.00995,0.01004,0.00945,0.00998,460440627.0,1654214399999,4498763.51996,14720,232294164.0,2271888.69734,0,SUNUSDT
1654214400000,0.00998,0.01012,0.0092,0.00926,270716395.0,1654300799999,2585992.12264,8825,121361498.0,1156860.11261,0,SUNUSDT
1654300800000,0.00927,0.00981,0.0089,0.00977,637264852.0,1654387199999,6026099.923769999,13871,337835398.0,3197129.83393,0,SUNUSDT
1654387200000,0.00977,0.01074,0.00932,0.00969,779369511.0,1654473599999,7737416.80808,20647,386509644.0,3843176.69291,0,SUNUSDT
1654473600000,0.00969,0.00993,0.00942,0.00955,321178644.0,1654559999999,3113415.3006700003,9240,169219725.0,1641068.9026,0,SUNUSDT
1654560000000,0.00955,0.01056,0.00907,0.01019,878007147.0,1654646399999,8517879.82738,20416,472414878.0,4589438.83329,0,SUNUSDT
1654646400000,0.01019,0.01034,0.00933,0.00989,1252809855.0,1654732799999,12263237.5032,30046,644455831.0,6313346.64725,0,SUNUSDT
1654732800000,0.00989,0.0103,0.0094,0.00971,1036499324.0,1654819199999,10149867.42472,26159,522545675.0,5120085.45635,0,SUNUSDT
1654819200000,0.0097,0.00992,0.0093099999999999,0.00969,1055698536.0,1654905599999,10188150.91834,28562,559125437.0,5403098.9478400005,0,SUNUSDT
1654905600000,0.00969,0.0099,0.00877,0.00917,1370335238.0,1654991999999,12805593.63986,29233,699461291.0,6544388.87103,0,SUNUSDT
1654992000000,0.00917,0.00938,0.00822,0.00862,1220275965.0,1655078399999,10724601.99679,25463,592009669.0,5206384.46255,0,SUNUSDT
1655078400000,0.00862,0.0087599999999999,0.00727,0.00762,1823188552.0,1655164799999,14381274.50669,27725,919062119.0,7254507.88767,0,SUNUSDT
1655164800000,0.00762,0.00775,0.00598,0.00655,2402990283.0,1655251199999,16987302.29538,36475,1248178663.0,8823121.22848,0,SUNUSDT
1655251200000,0.00654,0.00667,0.00571,0.00652,2188598250.0,1655337599999,13553500.29914,37342,1102543472.0,6827220.652000001,0,SUNUSDT
1655337600000,0.00652,0.00664,0.00587,0.00606,946907996.0,1655423999999,5834471.78679,18344,464034153.0,2857191.3504,0,SUNUSDT
1655424000000,0.00607,0.00636,0.00588,0.00589,569069790.0,1655510399999,3445717.1599,13302,281253582.0,1703270.1278799998,0,SUNUSDT
1655510400000,0.00589,0.00609,0.00542,0.00576,905865979.0,1655596799999,5197740.205080001,20076,445275845.0,2555740.0013,0,SUNUSDT
1655596800000,0.00576,0.00597,0.0055,0.0059,828087508.0,1655683199999,4764283.611409999,15522,414806678.0,2388371.83883,0,SUNUSDT
1655683200000,0.0059,0.00626,0.0056799999999999,0.00618,649712415.0,1655769599999,3846251.83831,13108,337260834.0,1997101.6799,0,SUNUSDT
1655769600000,0.00618,0.00658,0.00614,0.00634,791584329.0,1655855999999,5077583.13376,15740,410820713.0,2637458.13857,0,SUNUSDT
1655856000000,0.00634,0.00649,0.00589,0.00592,843449099.0,1655942399999,5243930.24037,12681,435538529.0,2710460.34825,0,SUNUSDT
1655942400000,0.00591,0.00622,0.00589,0.00621,574072014.0,1656028799999,3492137.02037,9546,323847284.0,1971573.35709,0,SUNUSDT
1656028800000,0.00621,0.0070599999999999,0.00619,0.00649,1467022667.0,1656115199999,9675020.01038,24685,751595973.0,4952211.501130001,0,SUNUSDT
1656115200000,0.00647,0.00649,0.00599,0.00621,717459818.0,1656201599999,4492317.16808,16552,359730197.0,2253818.61009,0,SUNUSDT
1656201600000,0.00622,0.00631,0.00605,0.0060799999999999,421995275.0,1656287999999,2612540.45869,11228,213297776.0,1321397.5101299998,0,SUNUSDT
1656288000000,0.00609,0.0066,0.00596,0.00597,702414130.0,1656374399999,4343511.68614,16364,343775838.0,2127107.18006,0,SUNUSDT
1656374400000,0.00598,0.00618,0.00576,0.0057799999999999,394261638.0,1656460799999,2367910.7458900004,9404,203799935.0,1225318.82681,0,SUNUSDT
1656460800000,0.00577,0.00588,0.00562,0.00579,369374617.0,1656547199999,2127147.84025,7261,207341632.0,1194129.73824,0,SUNUSDT
1656547200000,0.0058,0.00583,0.00526,0.00562,526968727.0,1656633599999,2899929.01571,8317,268758028.0,1478744.37539,0,SUNUSDT
1656633600000,0.00562,0.00576,0.0054399999999999,0.0055899999999999,476169479.0,1656719999999,2661789.15202,7456,261237967.0,1461594.12327,0,SUNUSDT
1656720000000,0.00561,0.0057399999999999,0.00537,0.00572,379392619.0,1656806399999,2125707.42163,5633,217389158.0,1219405.60927,0,SUNUSDT
1656806400000,0.00572,0.00583,0.00545,0.00581,427272363.0,1656892799999,2406857.5532,6182,229915069.0,1296793.10173,0,SUNUSDT
1656892800000,0.00581,0.00617,0.0057,0.00595,627277692.0,1656979199999,3699528.01639,11121,337689320.0,1995508.86625,0,SUNUSDT
1656979200000,0.00596,0.00618,0.00589,0.00614,682811785.0,1657065599999,4106807.82697,10372,379453013.0,2284304.0814400003,0,SUNUSDT
1657065600000,0.00614,0.0063,0.00606,0.0060799999999999,756971628.0,1657151999999,4667179.9735,10899,415289787.0,2563425.19303,0,SUNUSDT
1657152000000,0.0060799999999999,0.00613,0.00577,0.0061,842571663.0,1657238399999,5021553.65374,12657,434895124.0,2593201.75061,0,SUNUSDT
1657238400000,0.0061,0.00625,0.00589,0.00594,473133088.0,1657324799999,2858064.90499,7914,248334737.0,1500727.74196,0,SUNUSDT
1657324800000,0.00595,0.00618,0.00587,0.00591,468800837.0,1657411199999,2811669.72389,7575,245837860.0,1476113.79145,0,SUNUSDT
1657411200000,0.00591,0.00594,0.0056,0.00567,457118030.0,1657497599999,2633768.61348,7068,250541625.0,1444665.14006,0,SUNUSDT
1657497600000,0.00567,0.0056799999999999,0.0055,0.0055299999999999,466457655.0,1657583999999,2601049.09165,6260,247902809.0,1382764.55622,0,SUNUSDT
1657584000000,0.0055299999999999,0.00596,0.00551,0.00566,758183854.0,1657670399999,4294490.744109999,9794,404514083.0,2292488.2803,0,SUNUSDT
1657670400000,0.00567,0.00567,0.00535,0.00557,473770161.0,1657756799999,2616067.99816,7156,235910151.0,1303042.6163700002,0,SUNUSDT
1657756800000,0.00558,0.0057399999999999,0.00552,0.00569,617524448.0,1657843199999,3467097.7238,28438,311067790.0,1747686.71475,0,SUNUSDT
1657843200000,0.0056799999999999,0.0058,0.00564,0.0057,1024252448.0,1657929599999,5853087.61313,34935,524350743.0,2998550.83269,0,SUNUSDT
1657929600000,0.00569,0.00584,0.00561,0.0058,667573419.0,1658015999999,3816919.42373,25300,337725234.0,1933260.96285,0,SUNUSDT
1658016000000,0.0058,0.00589,0.00563,0.00564,531481543.0,1658102399999,3078920.43061,16578,265882871.0,1541854.20245,0,SUNUSDT
1658102400000,0.00565,0.006,0.00564,0.00592,360118343.0,1658188799999,2122096.1697400003,6394,180870905.0,1065761.67775,0,SUNUSDT
1658188800000,0.0059299999999999,0.00611,0.0058,0.00607,461356300.0,1658275199999,2744722.50638,8455,240745058.0,1433464.11039,0,SUNUSDT
1658275200000,0.00606,0.00616,0.00581,0.00586,509803648.0,1658361599999,3065835.69271,7110,262416194.0,1578922.20068,0,SUNUSDT
1658361600000,0.00585,0.006,0.00571,0.00596,330684358.0,1658447999999,1931411.72612,5199,170964175.0,999373.12266,0,SUNUSDT
1658448000000,0.00596,0.00622,0.00588,0.00595,292825957.0,1658534399999,1767183.0355,6461,149382556.0,902469.26652,0,SUNUSDT
1658534400000,0.00594,0.00612,0.00577,0.00587,289503652.0,1658620799999,1710774.57559,5293,144748892.0,856331.05154,0,SUNUSDT
1658620800000,0.00588,0.00602,0.00583,0.00587,334333529.0,1658707199999,1980993.24814,4823,173654081.0,1029526.83618,0,SUNUSDT
1658707200000,0.00588,0.00591,0.00561,0.00563,374623654.0,1658793599999,2157723.06189,4447,188378140.0,1085149.01688,0,SUNUSDT
1658793600000,0.00561,0.00589,0.00548,0.00589,585445725.0,1658879999999,3307735.8196400004,6063,307090155.0,1737130.1678900002,0,SUNUSDT
1658880000000,0.00589,0.00617,0.00569,0.00596,923766752.0,1658966399999,5461541.745019999,11802,444095394.0,2629101.6381900003,0,SUNUSDT
1658966400000,0.00596,0.00627,0.00588,0.00617,963972951.0,1659052799999,5846784.56092,10295,497548335.0,3018260.7958400003,0,SUNUSDT
1659052800000,0.00617,0.00657,0.0060799999999999,0.0062,569273495.0,1659139199999,3576243.26573,9650,298448900.0,1875101.27469,0,SUNUSDT
1659139200000,0.00619,0.00634,0.00609,0.00616,323849070.0,1659225599999,2016924.0229,5548,164332841.0,1024098.13924,0,SUNUSDT
1659225600000,0.00615,0.0065,0.00613,0.00628,459943582.0,1659311999999,2917786.0523900003,6351,248515960.0,1577566.27374,0,SUNUSDT
1659312000000,0.00628,0.00655,0.00611,0.00632,569115585.0,1659398399999,3586558.63659,8523,294969473.0,1861637.8608,0,SUNUSDT
1659398400000,0.00631,0.0063799999999999,0.0060799999999999,0.00621,486126490.0,1659484799999,3019758.34188,5697,252065275.0,1566948.00135,0,SUNUSDT
1659484800000,0.00622,0.00642,0.00603,0.00621,221510350.0,1659571199999,1390157.38485,3586,112068549.0,703432.34922,0,SUNUSDT
1659571200000,0.0062,0.00643,0.00606,0.00615,476327540.0,1659657599999,2952218.79356,5789,254023071.0,1575815.30149,0,SUNUSDT
1659657600000,0.00616,0.00635,0.0061,0.00632,186592387.0,1659743999999,1165424.97321,3787,94450129.0,590446.0709800001,0,SUNUSDT
1659744000000,0.00634,0.0064099999999999,0.00627,0.00631,119889576.0,1659830399999,759655.7221100001,2647,64774662.0,410653.06867,0,SUNUSDT
1659830400000,0.00631,0.00659,0.0063,0.00649,268761522.0,1659916799999,1742091.47458,5827,154189166.0,999783.44791,0,SUNUSDT
1659916800000,0.00649,0.00688,0.00648,0.0067,313350819.0,1660003199999,2090847.25334,6994,174484855.0,1164305.37223,0,SUNUSDT
1660003200000,0.00671,0.00689,0.00637,0.00647,414673383.0,1660089599999,2755363.3649,6207,204649390.0,1361626.89684,0,SUNUSDT
1660089600000,0.00647,0.00667,0.00639,0.00667,217000254.0,1660175999999,1419638.58645,3752,123057733.0,805920.19947,0,SUNUSDT
1660176000000,0.00667,0.0068099999999999,0.00659,0.00662,194848431.0,1660262399999,1308792.52408,4277,102269469.0,687164.9900100001,0,SUNUSDT
1660262400000,0.00663,0.00715,0.00654,0.0069,460836020.0,1660348799999,3134514.64411,9376,258901837.0,1761806.91175,0,SUNUSDT
1660348800000,0.00689,0.0070599999999999,0.00685,0.00698,274762932.0,1660435199999,1907481.52316,4622,150001210.0,1041889.76065,0,SUNUSDT
1660435200000,0.00698,0.00701,0.0066799999999999,0.00671,324717803.0,1660521599999,2226876.11449,5317,150639454.0,1033971.72764,0,SUNUSDT
1660521600000,0.0067,0.00685,0.00662,0.00677,341203231.0,1660607999999,2295102.521,4895,184404301.0,1240560.78052,0,SUNUSDT
1660608000000,0.00677,0.00687,0.00671,0.00677,271271362.0,1660694399999,1839100.40288,3722,149779175.0,1015845.27558,0,SUNUSDT
1660694400000,0.0067599999999999,0.00702,0.0065099999999999,0.00652,210525389.0,1660780799999,1422713.9882,3999,115647201.0,782383.03319,0,SUNUSDT
1660780800000,0.0065299999999999,0.00657,0.00626,0.00628,259690820.0,1660867199999,1674994.63336,3995,127082864.0,820218.7119100001,0,SUNUSDT
1660867200000,0.00627,0.00628,0.00585,0.00586,313081468.0,1660953599999,1880857.77431,5230,153337682.0,920886.36046,0,SUNUSDT
1660953600000,0.00586,0.00601,0.00583,0.00587,278956958.0,1661039999999,1650494.79316,3953,135367802.0,801299.53182,0,SUNUSDT
1661040000000,0.00588,0.00597,0.0058,0.00591,124957038.0,1661126399999,736471.34603,2427,65326611.0,385337.26311,0,SUNUSDT
1661126400000,0.00591,0.00592,0.00569,0.00582,186472750.0,1661212799999,1076820.02616,3160,94887732.0,548060.11276,0,SUNUSDT
1661212800000,0.00582,0.0059299999999999,0.00571,0.00589,200366913.0,1661299199999,1170177.29475,4001,106088018.0,619850.0667,0,SUNUSDT
1661299200000,0.00589,0.0059,0.0057399999999999,0.00576,109825026.0,1661385599999,637404.22568,2499,55003220.0,319423.03636,0,SUNUSDT
1661385600000,0.00577,0.00589,0.00575,0.00585,85047549.0,1661471999999,496383.54814,2034,48919026.0,285605.50004,0,SUNUSDT
1661472000000,0.00585,0.0059,0.00552,0.00555,205524562.0,1661558399999,1176043.42408,4241,101517483.0,580780.01006,0,SUNUSDT
1661558400000,0.00554,0.00564,0.00551,0.00562,155152863.0,1661644799999,866295.28308,2479,82219000.0,459341.24933,0,SUNUSDT
1661644800000,0.00562,0.00565,0.00549,0.00549,74186494.0,1661731199999,416344.50066,1464,36955697.0,207501.97003,0,SUNUSDT
1661731200000,0.0055,0.00588,0.00547,0.00587,102013399.0,1661817599999,581893.6316300001,2883,56612147.0,323299.10247,0,SUNUSDT
1661817600000,0.00587,0.00606,0.00573,0.0057799999999999,195780876.0,1661903999999,1155627.84097,4974,95736438.0,565522.8490899999,0,SUNUSDT
1661904000000,0.00579,0.0059,0.00566,0.00567,89584776.0,1661990399999,517374.31732,2440,41786410.0,241780.57086,0,SUNUSDT
1661990400000,0.00567,0.00583,0.00563,0.00581,99698430.0,1662076799999,569362.1713,2409,51856415.0,296216.43449,0,SUNUSDT
1662076800000,0.0058,0.0059,0.00573,0.00576,94757034.0,1662163199999,551683.04664,2047,44908990.0,261630.95785,0,SUNUSDT
1662163200000,0.00576,0.00592,0.00571,0.00589,128177497.0,1662249599999,744777.96947,1588,65636110.0,381453.18688,0,SUNUSDT
1662249600000,0.0059,0.00618,0.00585,0.00598,262185021.0,1662335999999,1575383.49496,5241,126561730.0,761574.34456,0,SUNUSDT
1662336000000,0.00598,0.00603,0.00588,0.00602,178383444.0,1662422399999,1062402.68416,2072,87104292.0,518936.49092,0,SUNUSDT
1662422400000,0.00602,0.00609,0.00571,0.00573,242246885.0,1662508799999,1439427.2093,3203,107130894.0,637100.27952,0,SUNUSDT
1662508800000,0.00572,0.00591,0.00567,0.00587,144820851.0,1662595199999,836243.97904,2274,75448914.0,435981.40222,0,SUNUSDT
1662595200000,0.00588,0.0059299999999999,0.00579,0.00589,172387280.0,1662681599999,1011925.20831,2502,78196593.0,459012.73152,0,SUNUSDT
1662681600000,0.00589,0.00628,0.00588,0.00622,301410829.0,1662767999999,1846984.88602,5823,161071220.0,987153.14589,0,SUNUSDT
1662768000000,0.0062299999999999,0.00632,0.00618,0.00629,216565182.0,1662854399999,1353469.94415,3351,118457632.0,740794.18685,0,SUNUSDT
1662854400000,0.0063,0.00662,0.00628,0.00656,346689896.0,1662940799999,2244461.38391,6141,174240503.0,1128022.22907,0,SUNUSDT
1662940800000,0.00656,0.00659,0.00628,0.0063799999999999,254117066.0,1663027199999,1632916.56705,3838,121100183.0,778541.15465,0,SUNUSDT
1663027200000,0.00637,0.00637,0.00585,0.00587,305936509.0,1663113599999,1857157.7044,5532,133679945.0,809541.1296699999,0,SUNUSDT
1663113600000,0.00587,0.00603,0.00586,0.00599,121811515.0,1663199999999,726244.46151,2139,60370664.0,360111.67822,0,SUNUSDT
1663200000000,0.00599,0.0060799999999999,0.00588,0.00591,164414732.0,1663286399999,979836.31257,2331,81965978.0,488450.95784,0,SUNUSDT
1663286400000,0.00592,0.00599,0.00581,0.00588,108310096.0,1663372799999,638814.40578,1823,53774865.0,317250.78659000003,0,SUNUSDT
1663372800000,0.00588,0.00597,0.00587,0.00588,101511321.0,1663459199999,600850.47953,1370,56083886.0,332097.27788,0,SUNUSDT
1663459200000,0.00587,0.0059,0.00551,0.00555,139882801.0,1663545599999,798860.9302,2361,61448188.0,350733.2514,0,SUNUSDT
1663545600000,0.00554,0.00564,0.00546,0.00562,181110357.0,1663631999999,1005022.83182,2524,99681868.0,553786.29632,0,SUNUSDT
1663632000000,0.00562,0.00567,0.00535,0.0053799999999999,118758613.0,1663718399999,653524.95055,2281,58522149.0,322371.26433000003,0,SUNUSDT
1663718400000,0.0053799999999999,0.00543,0.0049299999999999,0.00495,443783897.0,1663804799999,2287219.79868,6739,214616195.0,1106985.59071,0,SUNUSDT
1663804800000,0.00495,0.00507,0.00488,0.00504,529642967.0,1663891199999,2642093.97114,6936,285093264.0,1422443.53594,0,SUNUSDT
1663891200000,0.00503,0.00516,0.00488,0.00502,715230166.0,1663977599999,3558666.38632,6880,373469429.0,1858577.34527,0,SUNUSDT
1663977600000,0.00502,0.0050799999999999,0.00494,0.00496,268387622.0,1664063999999,1344234.81768,2597,138364526.0,693584.66471,0,SUNUSDT
1664064000000,0.00497,0.00505,0.00496,0.00497,134963750.0,1664150399999,676540.2396,1469,77752294.0,389835.41899,0,SUNUSDT
1664150400000,0.00497,0.00502,0.00491,0.00498,186603094.0,1664236799999,926927.78615,2442,101005879.0,501865.6158100001,0,SUNUSDT
1664236800000,0.00498,0.00512,0.00494,0.00498,216052351.0,1664323199999,1087656.80705,3417,118445395.0,596366.52857,0,SUNUSDT
1664323200000,0.00498,0.00512,0.00488,0.00506,169636691.0,1664409599999,847222.4513600001,2577,97704099.0,488303.06331000006,0,SUNUSDT
1664409600000,0.00506,0.0052899999999999,0.00503,0.0052,227670072.0,1664495999999,1169071.90225,3558,129631330.0,665728.2864699999,0,SUNUSDT
1664496000000,0.0052,0.00534,0.00516,0.00519,221017795.0,1664582399999,1156462.39915,3276,113119765.0,592358.68295,0,SUNUSDT
